1   H   410.17   434.03   486.17   656.27
2   He  388.88   402.63   447.14   587.54   667.82   706.53
3   Li  460.30   610.35   670.77   812.66
4   Be  234.88   265.04   313.05   
5   B   206.67   208.92
6   C   229.63   251.11   247.70   283.68   391.99   426.73   657.95   723.47
7   N   343.75   383.91   399.52   444.69   463.03   500.39   567.84   593.90   648.24   661.05   821.71   868.24
8   O   313.54   374.96   397.34   407.35   411.94   434.89   441.54   464.74   470.32   533.04   615.77   715.72   777.30   822.64   844.62   882.09
9   F   623.95   634.86   641.36   677.42   685.62   690.37   703.73   712.78   720.23   731.09   739.89   755.24   757.35   760.70   775.45   780.00   823.07   880.69   890.24
10  Ne  585.25   594.49   609.62   614.33   626.66   633.40   640.21   650.68   659.92   667.83   671.85   692.96   703.25   837.77   849.52   865.40   878.19
11  Na  330.24   498.15   568.70   589.15   819.38
12  Mg  279.59   293.65   448.10
13  Al  217.42   226.92   237.33   257.53   266.04   281.64   308.20   309.25   394.38   396.13   877.38
14  Si  207.23   254.16   290.53   320.97   380.62   385.62   412.97   455.27   505.60   634.17
15  P   213.62   214.92   253.53   255.38
16  S   403.33   415.68   469.50   570.63   605.05   617.45   653.76   675.52   716.48   744.69   769.50   792.81   845.12   863.13   869.38   887.99
17  Cl  243.38   254.38   332.91   380.57   386.08   391.58   413.28   479.51   489.76   521.87   539.22   609.45   836.07
18  Ar  696.53   738.39   751.19   763.50   772.40   794.81   801.31   811.51   826.47   842.42   852.13
19  K   766.50   769.90
20  Ca  315.90   317.59   393.38   396.83
21  Sc  227.32   255.23   335.36   357.32   361.37   424.69   431.49
22  Ti  307.60   323.65   334.87   376.01
23  V   213.90   252.90   268.80   292.30   309.90   318.90   327.30   
24  Cr  205.57   267.19   283.59   286.69   311.95   357.87
25  Mn  257.58   259.88   260.55   294.94
26  Fe  234.45   238.24   239.66   249.12   256.32   259.91   262.94   274.77
27  Co  202.40   228.71   231.24   238.71   252.65   258.23   
28  Ni  216.57   221.67   225.37   227.02   227.87   229.72   231.58   239.43   241.63   243.78   
29  Cu  203.67   219.02   219.22   221.82   224.72   236.98   324.76   327.14
30  Zn  202.57   206.22   213.87
31  Ga  209.07   249.98   287.44   294.35   403.28   417.19
32  Ge  209.42   241.73   259.23   265.14   270.94   275.44   303.90   
33  AS  228.82   234.98   237.03   274.49   277.99   286.04
35  Br  827.22   834.12   844.67   847.77   863.88   869.88   882.39   889.79
36  Kr  670.15   811.21   826.37   877.73   892.84
47  Ag  211.37   224.67   328.06   338.31   
50  Sn  235.48   242.93   270.64   283.99   326.26   
53  I   206.17
74  W   207.88   224.92   248.93
79  Au  242.78   267.59   
80  Hg  253.68   365.02   435.84
82  Pb  220.37   
