180.948 10.8
181.525 1.0626
182.103 3.27
182.68 5.24252
183.258 6.37859
183.835 4.41667
184.413 1.31312
184.99 1.49069
185.568 3.68343
186.146 4.88809
186.723 3.72728
187.301 2.48964
187.879 0.915858
188.457 2.05323
189.035 2.08538
189.613 1.01384
190.191 -0.586459
190.769 -0.268021
191.347 -0.805587
191.925 -0.412629
192.503 0.0188801
193.081 0.449283
193.659 1.04896
194.237 2.49273
194.815 2.51098
195.394 2.01295
195.972 3.95134
196.55 3.36758
197.129 2.86674
197.707 3.26501
198.286 2.65694
198.864 2.7344
199.443 5.15628
200.021 6.39937
200.6 7.92351
201.178 5.81935
201.757 1.58256
202.336 -0.565326
202.915 -0.51373
203.493 2.34501
204.072 4.57803
204.651 4.33685
205.23 3.47934
205.809 2.29148
206.388 2.26387
206.967 2.75911
207.546 2.3864
208.125 2.49053
208.704 2.29405
209.283 2.05563
209.863 0.872049
210.442 -1.41017
211.021 -1.81518
211.6 -0.535761
212.18 2.61184
212.759 8.13746
213.339 11.1848
213.918 11.2813
214.498 9.82538
215.077 7.16471
215.657 5.80572
216.237 6.07922
216.816 5.58508
217.396 4.51993
217.976 3.45765
218.556 2.4055
219.135 3.89963
219.715 5.98897
220.295 6.38482
220.875 4.52023
221.455 1.45127
222.035 -2.31543
222.615 -1.58121
223.195 2.30197
223.776 5.631
224.356 7.99771
224.936 7.8492
225.516 6.11801
226.097 5.63232
226.677 5.01193
227.258 3.63847
227.838 2.97244
228.419 3.00474
228.999 5.09718
229.58 6.53814
230.16 4.67165
230.741 2.6729
231.322 2.12878
231.902 3.72487
232.483 6.93489
233.064 8.4114
233.645 3.67242
234.226 -0.771721
234.807 -3.10916
235.388 -2.8861
235.969 -0.79229
236.55 0.505363
237.131 0.360939
237.712 1.51862
238.294 2.19288
238.875 3.67687
239.456 6.08792
240.038 5.56397
240.619 4.92377
241.2 4.24389
241.782 3.14706
242.364 2.21665
242.945 2.40067
243.527 2.97471
244.108 4.60722
244.69 6.77595
245.272 7.4072
245.854 4.32809
246.436 0.539682
247.017 0.463898
247.599 3.56335
248.181 8.38777
248.763 10.4848
249.345 9.56496
249.928 6.84629
250.51 4.15869
251.092 3.6563
251.674 4.55636
252.257 4.19754
252.839 3.51341
253.421 3.16136
254.004 1.1145
254.586 2.57822
255.169 5.63047
255.751 8.55901
256.334 10.8375
256.917 12.0893
257.499 8.49546
258.082 4.74386
258.665 3.51564
259.248 3.13314
259.831 5.2641
260.414 6.82578
260.997 5.19233
261.58 2.97415
262.163 2.46
262.746 1.20956
263.329 0.706505
263.912 -0.0953249
264.496 0.219281
265.079 3.30797
265.662 4.30014
266.246 2.32931
266.829 -0.011835
267.413 -2.11004
267.996 -0.77037
268.58 3.21573
269.163 4.75704
269.747 3.98298
270.331 4.62775
270.915 2.57001
271.499 0.910424
272.082 0.20712
272.666 -0.712847
273.25 0.278358
273.835 3.20682
274.419 2.8929
275.003 2.62903
275.587 2.57235
276.171 1.53048
276.755 0.530464
277.34 1.28961
277.924 1.88322
278.509 2.18565
279.093 2.48194
279.678 1.57597
280.262 0.0670622
280.847 1.00534
281.432 2.54782
282.016 3.35909
282.601 4.48376
283.186 4.43109
283.771 3.52987
284.356 4.39445
284.941 4.45751
285.526 4.45697
286.111 4.2942
286.696 3.08729
287.281 1.0668
287.867 1.51982
288.452 2.74508
289.037 3.88385
289.623 5.54156
290.208 6.42815
290.794 5.43538
291.379 3.81972
291.965 2.99686
292.55 2.62266
293.136 4.25904
293.722 5.41702
294.308 4.20826
294.894 2.46169
295.48 1.7208
296.066 2.88892
296.652 5.66234
297.238 4.9922
297.824 2.39045
298.41 1.77591
298.996 2.19164
299.582 4.2978
300.169 6.23209
300.755 5.07541
301.342 3.35957
301.928 3.96647
302.515 3.37155
303.101 4.21938
303.688 5.16907
304.275 5.1686
304.861 4.6037
305.448 5.26155
306.035 3.972
306.622 3.80695
307.209 3.66165
307.796 2.99893
308.383 2.80641
308.97 3.63993
309.558 3.99502
310.145 3.96061
310.732 4.43059
311.32 3.83321
311.907 2.85779
312.494 1.9696
313.082 1.07895
313.67 0.518406
314.257 2.27812
314.845 3.63004
315.433 4.12239
316.02 4.0477
316.608 2.18937
317.196 2.98011
317.784 5.27555
318.372 6.26262
318.96 4.61143
319.548 1.87676
320.137 -1.83913
320.725 -1.67752
321.313 -0.704999
321.902 -0.400546
322.49 -0.884573
323.079 -1.58576
323.667 -1.42795
324.256 -1.27248
324.844 -1.07136
325.433 -0.209234
326.022 0.967126
326.611 2.78956
327.199 4.42905
327.788 4.60603
328.377 4.65597
328.966 5.23363
329.556 4.29689
330.145 1.33213
330.734 -1.36898
331.323 -1.54686
331.913 -1.36306
332.502 2.11185
333.091 3.66803
333.681 1.99461
334.27 1.02341
334.86 1.47762
335.45 0.427
336.04 1.72625
336.629 2.11193
337.219 0.233609
337.809 -0.348955
338.399 1.62965
338.989 3.73285
339.579 6.14519
340.169 6.78647
340.76 4.00943
341.35 0.0691079
341.94 -2.67666
342.531 -4.19313
343.121 -2.44738
343.712 0.773563
344.302 2.4293
344.893 2.25243
345.483 1.12893
346.074 -0.250705
346.665 -0.618774
347.256 -1.16689
347.847 -0.825038
348.438 2.36599
349.029 4.86776
349.62 5.93232
350.211 4.14642
350.802 1.03071
351.394 -0.106606
351.985 1.75645
352.576 4.28594
353.168 4.05722
353.76 2.18925
354.351 1.26007
354.943 1.55484
355.535 5.12449
356.126 13.8137
356.718 26.783
357.31 41.3201
357.902 48.8998
358.494 44.7607
359.086 32.3556
359.678 17.3922
360.271 7.7202
360.863 5.44919
361.455 4.45717
362.048 3.46142
362.64 2.41538
363.233 1.48396
363.825 1.0318
364.418 0.841903
365.011 0.671624
365.603 1.33881
366.196 1.77115
366.789 2.76661
367.382 4.36574
367.975 4.67342
368.568 4.26023
369.161 5.24357
369.755 8.4203
370.348 10.5309
370.941 11.4924
371.535 9.53163
372.128 5.70412
372.722 3.8876
373.315 3.08165
373.909 2.50177
374.503 3.20932
375.096 5.72955
375.69 8.31758
376.284 8.78242
376.878 5.66393
377.472 2.98837
378.066 2.98571
378.661 5.23395
379.255 6.05137
379.849 4.03757
380.444 1.98686
381.038 2.02032
381.633 5.57512
382.227 7.56285
382.822 6.73646
383.417 3.36359
384.011 1.55127
384.606 2.70608
385.201 4.87665
385.796 6.83136
386.391 6.89741
386.986 5.79269
387.581 4.61913
388.177 4.17101
388.772 2.54528
389.367 3.34297
389.963 4.94405
390.558 6.02659
391.154 5.4177
391.75 4.88502
392.345 6.10692
392.941 10.0104
393.537 13.1659
394.133 13.1818
394.729 8.07336
395.325 6.70602
395.921 36.1307
396.517 117.357
397.113 190.76
397.71 210.316
398.306 169.78
398.903 92.5344
399.499 33.5351
400.096 28.1942
400.692 33.0415
401.289 28.388
401.886 21.7821
402.483 15.7061
403.08 13.604
403.677 13.3784
404.274 13.0673
404.871 12.3967
405.468 15.0743
406.065 17.8154
406.663 18.6351
407.26 20.6216
407.858 23.1601
408.455 23.6167
409.053 22.9049
409.65 23.2117
410.248 23.9463
410.846 27.5907
411.444 29.4583
412.042 30.9289
412.64 32.4616
413.238 33.7028
413.836 33.317
414.435 34.3199
415.033 35.661
415.631 39.1103
416.23 43.737
416.828 45.7897
417.427 46.9268
418.026 47.7216
418.624 47.4778
419.223 47.8437
419.822 48.1089
420.421 50.9352
421.02 57.5286
421.619 63.4545
422.218 67.4657
422.818 70.3094
423.417 71.6562
424.016 73.6549
424.616 76.0733
425.215 75.3938
425.815 68.8825
426.415 54.1571
427.014 98.417
427.614 326.793
428.214 578.002
428.814 685.894
429.414 607.101
430.014 373.334
430.614 132.78
431.215 70.9689
431.815 83.5535
432.415 89.4964
433.016 89.3242
433.616 88.5243
434.217 87.5853
434.818 88.1661
435.419 89.7109
436.019 92.5851
436.62 94.7229
437.221 96.103
437.822 97.903
438.424 97.9518
439.025 98.0626
439.626 100.495
440.227 101.503
440.829 101.859
441.43 102.192
442.032 101.345
442.634 101.836
443.235 102.181
443.837 102.901
444.439 105.033
445.041 106.783
445.643 107.414
446.245 106.862
446.847 104.839
447.45 102.083
448.052 100.545
448.654 100.692
449.257 100.29
449.86 99.0013
450.462 98.802
451.065 95.2381
451.668 92.0147
452.271 90.1077
452.874 89.3227
453.477 90.9487
454.08 93.9664
454.683 95.0708
455.286 94.1489
455.889 91.358
456.493 88.1758
457.096 88.6381
457.7 88.1642
458.304 87.1112
458.907 86.8718
459.511 85.6868
460.115 84.7835
460.719 84.8969
461.323 84.2672
461.927 84.2119
462.531 84.3659
463.135 83.4113
463.74 81.5131
464.344 79.7472
464.949 77.7618
465.553 75.7544
466.158 72.1644
466.763 70.0074
467.367 68.4186
467.972 69.2146
468.577 71.0222
469.182 72.4802
469.787 72.5096
470.393 70.7985
470.998 67.9667
471.603 64.9834
472.209 64.7211
472.814 65.6371
473.42 67.3206
474.025 71.4868
474.631 78.7949
475.237 85.6064
475.843 97.6922
476.449 119.779
477.055 145.906
477.661 174.086
478.267 195.868
478.874 207.237
479.48 211.734
480.087 214.767
480.693 215.001
481.3 213.038
481.907 208.291
482.513 200.88
483.12 193.485
483.727 184.951
484.334 170.548
484.941 152.01
485.548 132.364
486.156 114.882
486.763 103.811
487.371 98.7769
487.978 91.6948
488.586 85.6868
489.193 81.7527
489.801 78.2139
490.409 74.3962
491.017 70.3244
491.625 66.2991
492.233 63.6496
492.841 62.7239
493.449 58.6667
494.058 55.4493
494.666 51.6252
495.275 48.8116
495.883 47.5162
496.492 46.8019
497.101 47.3661
497.71 50.4035
498.319 51.8614
498.928 51.6411
499.537 50.8157
500.146 47.7457
500.755 46.2276
501.364 46.47
501.974 48.2975
502.583 51.441
503.193 53.0283
503.803 51.3217
504.412 47.6112
505.022 45.2738
505.632 47.1882
506.242 50.6075
506.852 52.6251
507.462 52.2952
508.073 48.6232
508.683 45.942
509.293 45.7577
509.904 45.5956
510.515 45.5667
511.125 45.2624
511.736 41.7939
512.347 38.3171
512.958 36.6503
513.569 35.6637
514.18 37.951
514.791 41.3882
515.402 40.6571
516.014 37.0701
516.625 32.8645
517.237 28.4077
517.848 26.9615
518.46 27.9867
519.072 29.5002
519.684 31.3953
520.296 32.3149
520.908 30.8787
521.52 27.8777
522.132 24.6221
522.745 24.1374
523.357 24.0727
523.969 24.2994
524.582 26.2276
525.195 29.7281
525.807 33.5421
526.42 36.9236
527.033 37.7416
527.646 38.0471
528.259 39.7129
528.872 45.2938
529.486 55.1315
530.099 68.602
530.713 91.1387
531.326 123.555
531.94 148.803
532.553 182.982
533.167 263.174
533.781 383.484
534.395 493.722
535.009 551.09
535.623 532.496
536.238 468.812
536.852 400.818
537.466 459.499
538.081 641.616
538.695 777.122
539.31 796.954
539.925 683.331
540.54 450.726
541.155 278.824
541.77 231.754
542.385 213.769
543 205.094
543.615 189.309
544.231 158.758
544.846 121.985
545.462 90.9297
546.078 72.5006
546.693 62.0298
547.309 51.6291
547.925 41.8963
548.541 35.0722
549.157 30.4331
549.773 27.153
550.39 24.228
551.006 21.4045
551.623 17.1271
552.239 14.7169
552.856 12.136
553.473 12.2173
554.089 14.823
554.706 17.4156
555.323 17.5001
555.941 15.034
556.558 11.9939
557.175 10.4747
557.793 12.1305
558.41 15.7989
559.028 17.6279
559.645 16.35
560.263 13.9249
560.881 10.0881
561.499 8.36862
562.117 10.4417
562.735 12.0658
563.353 13.5148
563.972 13.4043
564.59 10.5667
565.208 8.12999
565.827 6.8972
566.446 8.07222
567.065 10.0704
567.683 8.61348
568.302 17.7672
568.921 46.5144
569.541 69.734
570.16 79.5894
570.779 88.7214
571.399 86.1371
572.018 84.5696
572.638 86.0007
573.258 71.4767
573.877 50.0798
574.497 47.8491
575.117 56.6321
575.737 70.3285
576.358 80.2619
576.978 82.5597
577.598 78.8254
578.219 70.0365
578.839 68.0985
579.46 73.9796
580.081 82.0724
580.702 82.444
581.323 73.3415
581.944 55.3221
582.565 42.6269
583.186 39.4933
583.807 42.4347
584.429 48.4444
585.05 57.8768
585.672 64.7213
586.294 66.2514
586.915 59.481
587.537 46.7379
588.159 35.1261
588.781 29.5031
589.404 28.5333
590.026 32.3234
590.648 36.0617
591.271 38.4187
591.893 40.6664
592.516 40.1179
593.139 35.423
593.762 30.1405
594.385 24.1872
595.008 18.216
595.631 15.797
596.254 15.2618
596.878 16.2785
597.501 18.1053
598.125 20.5661
598.748 23.3634
599.372 26.3188
599.996 29.5746
600.62 34.2839
601.244 37.1885
601.868 46.1064
602.492 78.1693
603.117 180.986
603.741 310.731
604.366 390.206
604.99 391.16
605.615 325.95
606.24 236.194
606.865 190.093
607.49 168.19
608.115 135.055
608.74 99.4047
609.365 72.0587
609.991 55.9279
610.616 47.0695
611.242 42.2151
611.868 41.2197
612.494 43.4844
613.119 46.5731
613.745 48.8067
614.372 49.5466
614.998 47.9171
615.624 46.3565
616.251 46.8085
616.877 48.0847
617.504 51.3464
618.13 54.053
618.757 53.4999
619.384 49.3937
620.011 45.2571
620.638 41.1744
621.266 39.2718
621.893 39.1963
622.52 43.9283
623.148 52.6298
623.776 59.2342
624.403 57.8855
625.031 48.0902
625.659 32.6744
626.287 20.5691
626.915 16.6216
627.543 15.3127
628.172 14.6131
628.8 14.6993
629.429 13.446
630.057 11.9923
630.686 12.387
631.315 11.1096
631.944 10.1772
632.573 10.2422
633.202 10.6179
633.832 11.8903
634.461 14.2113
635.09 13.3401
635.72 12.0297
636.35 11.7663
636.979 10.25
637.609 9.53352
638.239 10.2853
638.869 9.30839
639.5 9.90998
640.13 10.9894
640.76 8.55984
641.391 6.04223
642.021 6.19762
642.652 11.008
643.283 17.2911
643.914 20.4337
644.545 18.6465
645.176 14.2484
645.807 9.87122
646.439 9.6803
647.07 9.96284
647.702 9.16313
648.333 9.64531
648.965 12.2453
649.597 13.8807
650.229 13.3027
650.861 10.7339
651.493 7.72145
652.125 7.57618
652.758 8.66489
653.39 9.66509
654.023 9.77319
654.656 8.73423
655.289 10.2962
655.921 12.5133
656.554 13.9139
657.188 14.0166
657.821 13.5839
658.454 10.6813
659.088 7.73967
659.721 4.3936
660.355 3.28415
660.989 3.81102
661.623 4.76838
662.257 5.40664
662.891 4.90241
663.525 4.52081
664.159 4.65547
664.794 5.65854
665.428 5.90367
666.063 4.94141
666.697 3.80502
667.332 3.70342
667.967 3.17344
668.602 2.27075
669.237 1.16155
669.873 0.237291
670.508 0.983056
671.144 3.80241
671.779 5.68462
672.415 6.24885
673.051 4.17996
673.687 3.43328
674.323 3.11853
674.959 3.65664
675.595 3.85799
676.231 4.22388
676.868 2.05264
677.504 0.244537
678.141 0.631959
678.778 2.08614
679.415 4.9488
680.052 8.45065
680.689 11.3753
681.326 11.8693
681.964 12.9972
682.601 11.4768
683.239 9.17203
683.876 7.62521
684.514 6.73097
685.152 3.93226
685.79 2.69351
686.428 3.2686
687.066 4.82922
687.705 6.39105
688.343 8.00501
688.982 7.8693
689.62 7.80029
690.259 9.04955
690.898 9.04584
691.537 8.1249
692.176 7.36224
692.815 6.29047
693.455 6.5057
694.094 7.09511
694.734 7.18416
695.373 8.20353
696.013 9.07267
696.653 8.83106
697.293 7.21816
697.933 5.41073
698.573 2.67703
699.214 3.24865
699.854 9.34031
700.495 15.6483
701.135 20.0615
701.776 24.991
702.417 25.7543
703.058 23.8469
703.699 20.5304
704.34 14.9456
704.982 11.3355
705.623 14.2674
706.265 16.8075
706.906 17.1715
707.548 13.9511
708.19 9.4808
708.832 6.90992
709.474 7.17792
710.117 6.37814
710.759 5.71692
711.402 4.46554
712.044 2.37073
712.687 2.33919
713.33 2.4486
713.973 2.08801
714.616 1.69878
715.259 2.51483
715.902 3.49425
716.545 3.83362
717.189 2.83455
717.833 1.49589
718.476 -0.0328053
719.12 1.16256
719.764 2.10922
720.408 1.64871
721.052 1.71547
721.697 3.82545
722.341 4.6647
722.986 4.38046
723.63 3.49791
724.275 1.4476
724.92 1.82164
725.565 3.94125
726.21 4.70114
726.856 5.24178
727.501 6.94261
728.146 5.43447
728.792 3.37942
729.438 1.73047
730.083 1.29225
730.729 1.9177
731.375 3.47342
732.022 4.87666
732.668 4.80444
733.314 4.20457
733.961 4.05831
734.608 3.71937
735.254 3.87103
735.901 4.34219
736.548 3.46022
737.195 1.82919
737.842 0.99571
738.49 2.10921
739.137 2.13955
739.785 0.625447
740.433 0.0955452
741.08 0.535732
741.728 0.296267
742.376 1.9677
743.025 3.07101
743.673 2.55269
744.321 4.77153
744.97 5.84619
745.618 4.00554
746.267 2.91844
746.916 2.38212
747.565 1.99101
748.214 3.20825
748.863 4.92874
749.513 4.73615
750.162 4.16538
750.812 3.9417
751.462 5.8389
752.111 5.31904
752.761 6.02335
753.411 4.99608
754.062 2.96594
754.712 -0.670164
755.362 -2.46796
756.013 -4.54852
756.664 -2.42155
757.314 1.65627
757.965 5.55316
758.616 6.37363
759.268 5.09303
759.919 3.56177
760.57 1.35238
761.222 -0.287891
761.873 -0.466876
762.525 -0.340116
763.177 0.227053
763.829 2.06839
764.481 1.72567
765.133 2.17142
765.786 2.63923
766.438 2.31504
767.091 2.21741
767.744 2.25237
768.396 3.0579
769.049 2.67262
769.702 2.39501
770.356 3.24217
771.009 2.85968
771.662 2.40793
772.316 2.71031
772.97 1.46411
773.624 1.01284
774.278 0.76649
774.932 -0.300462
775.586 -1.34572
776.24 -1.94541
776.895 -0.997049
777.549 -0.562165
778.204 0.438404
778.859 2.27012
779.514 3.79405
780.169 3.91735
780.824 4.48401
781.479 5.12772
782.135 4.43461
782.79 3.54068
783.446 2.21127
784.102 -0.735675
784.758 -0.892155
785.414 1.04675
786.07 0.801742
786.726 2.00509
787.382 2.73701
788.039 2.22092
788.696 2.79123
789.353 3.85541
790.009 5.14985
790.666 6.22038
791.324 7.14945
791.981 5.31893
792.638 4.26502
793.296 6.28751
793.954 7.85158
794.611 5.91894
795.269 5.11856
795.927 3.61166
796.586 3.10706
797.244 2.90459
797.902 1.76363
798.561 -0.246581
799.219 -0.352892
799.878 2.05631
800.537 4.37747
801.196 3.85986
801.855 3.40211
802.515 0.0820814
803.174 -1.47894
803.834 -0.553815
804.493 1.83187
805.153 3.99216
805.813 6.19674
806.473 4.63053
807.133 5.92423
807.794 5.61615
808.454 4.56337
809.115 4.64871
809.776 4.83171
810.436 3.30615
811.097 2.65015
811.758 0.187786
812.42 -0.956445
813.081 -1.01693
813.742 0.0427784
814.404 2.26898
815.066 5.21914
815.728 6.27083
816.39 6.13885
817.052 3.46875
817.714 1.20503
818.376 2.39925
819.039 6.4565
819.701 7.65886
820.364 8.14756
821.027 5.38545
821.69 0.801106
822.353 -0.486648
823.017 0.212628
823.68 0.720982
824.343 3.93196
825.007 5.44561
825.671 5.50596
826.335 6.14177
826.999 5.58731
827.663 4.79832
828.327 3.61869
828.992 1.64965
829.656 0.518256
830.321 0.659911
830.986 -0.472779
831.651 -0.554634
832.316 -0.0168684
832.981 0.391064
833.647 3.97889
834.312 6.3977
834.978 4.61406
835.643 3.25114
836.309 2.44243
836.975 1.53863
837.641 4.21485
838.308 6.5078
838.974 6.44587
839.641 6.80588
840.307 6.78917
840.974 5.88156
841.641 6.73631
842.308 7.03443
842.975 5.00539
843.643 4.08412
844.31 3.43013
844.978 3.565
845.645 3.26743
846.313 3.15409
846.981 3.36123
847.649 6.61001
848.318 9.09751
848.986 8.94156
849.654 5.1343
850.323 1.92867
850.992 0.161734
851.661 1.60262
852.33 3.39906
852.999 2.90705
853.668 0.485623
854.338 -0.329717
855.007 -0.791697
855.677 0.706024
856.347 3.38332
857.017 4.73939
857.687 3.88115
858.357 4.40437
859.028 2.69773
859.698 1.27227
860.369 0.991593
861.04 2.3561
861.711 2.62327
862.382 2.24363
863.053 0.760078
863.724 -0.583333
864.396 -0.032161
865.067 1.69082
865.739 1.1031
866.411 -0.429619
867.083 -0.651633
867.755 -0.925647
868.427 -0.739418
869.1 0.747439
869.772 2.71788
870.445 5.34344
871.118 7.00991
871.791 5.8301
872.464 1.23869
873.137 -2.86081
873.81 -4.08072
874.484 -3.6347
875.157 -0.926363
875.831 2.7909
876.505 4.08476
877.179 3.72689
877.853 4.58812
878.528 4.10448
879.202 4.98204
879.877 4.42952
880.551 1.98438
881.226 -1.32215
881.901 -2.41143
882.576 -1.82255
883.252 -0.0440221
883.927 2.58204
884.603 5.10955
885.278 6.64504
885.954 8.33934
886.63 8.78035
887.306 8.4108
887.982 7.12977
888.659 5.73402
889.335 5.48333
890.012 6.42334
890.689 5.32081
891.366 5.18479
892.043 3.07364
892.72 1.18279
893.397 1.2825
894.075 4.37809
894.752 4.90489
895.43 4.37896
896.108 3.15063
896.786 2.4921
897.464 2.82287
898.143 4.94357
898.821 5.2533
899.5 4.79887
900.178 3.74652
900.857 3.35223
901.536 2.54756
902.216 2.60396
902.895 4.09543
903.574 5.43098
904.254 3.92539
904.934 2.34727
905.613 0.22309
906.293 -0.130322
906.974 2.25103
907.654 5.14071
908.334 6.05166
909.015 6.74382
909.696 6.03837
910.376 4.69198
911.057 5.76926
911.738 6.90693
912.42 6.67441
913.101 7.68736
913.783 7.73623
914.464 6.25877
915.146 6.21885
915.828 5.22855
916.51 3.42052
917.193 3.49374
917.875 4.11767
918.558 3.32969
919.24 2.85348
919.923 1.8396
920.606 -0.741393
921.289 -0.87465
921.972 0.661845
922.656 2.10963
923.339 3.96394
924.023 4.23112
924.707 2.74745
925.391 3.4341
926.075 3.40487
926.759 4.17999
927.444 5.34416
928.128 5.17128
928.813 4.29717
929.498 3.69529
930.183 2.97878
930.868 2.13556
931.553 3.23761
932.238 3.96701
932.924 5.21627
933.61 5.19134
934.295 5.49439
934.981 1.18145
