180.948 0
181.525 0
182.103 0
182.68 0
183.258 0
183.835 0
184.413 0
184.99 0
185.568 0
186.146 0
186.723 0
187.301 0
187.879 0
188.457 0
189.035 0
189.613 0
190.191 0
190.769 0
191.347 0
191.925 0
192.503 0
193.081 0
193.659 0
194.237 0
194.815 0
195.394 0
195.972 0
196.55 0
197.129 0
197.707 0
198.286 0
198.864 0
199.443 0
200.021 0
200.6 0
201.178 0
201.757 0
202.336 0
202.915 0
203.493 0
204.072 0
204.651 0
205.23 0
205.809 0
206.388 0
206.967 0
207.546 0
208.125 0
208.704 0
209.283 0
209.863 0
210.442 0
211.021 0
211.6 0
212.18 0
212.759 0
213.339 0
213.918 0
214.498 0
215.077 0
215.657 0
216.237 0
216.816 0
217.396 0
217.976 0
218.556 0
219.135 0
219.715 0
220.295 0
220.875 0
221.455 0
222.035 0
222.615 0
223.195 0
223.776 0
224.356 0
224.936 0
225.516 0
226.097 0
226.677 0
227.258 0
227.838 0
228.419 0
228.999 0
229.58 0
230.16 0
230.741 0
231.322 0
231.902 0
232.483 0
233.064 0
233.645 0
234.226 0
234.807 0
235.388 0
235.969 0
236.55 0
237.131 0
237.712 0
238.294 0
238.875 0
239.456 0
240.038 0
240.619 0
241.2 0
241.782 0
242.364 0
242.945 0
243.527 0
244.108 0
244.69 0
245.272 0
245.854 0
246.436 0
247.017 0
247.599 0
248.181 0
248.763 0
249.345 0
249.928 0
250.51 0
251.092 0
251.674 0
252.257 0
252.839 0
253.421 0
254.004 0
254.586 0
255.169 0
255.751 0
256.334 0
256.917 0
257.499 0
258.082 0
258.665 0
259.248 0
259.831 0
260.414 0
260.997 0
261.58 0
262.163 0
262.746 0
263.329 0
263.912 0
264.496 0
265.079 0
265.662 0
266.246 0
266.829 0
267.413 0
267.996 0
268.58 0
269.163 0
269.747 0
270.331 0
270.915 0
271.499 0
272.082 0
272.666 0
273.25 0
273.835 0
274.419 0
275.003 0
275.587 0
276.171 0
276.755 0
277.34 0
277.924 0
278.509 0
279.093 0
279.678 0
280.262 0
280.847 0
281.432 0
282.016 0
282.601 0
283.186 0
283.771 0
284.356 0
284.941 0
285.526 0
286.111 0
286.696 0
287.281 0
287.867 0
288.452 0
289.037 0
289.623 0
290.208 0
290.794 0
291.379 0
291.965 0
292.55 0
293.136 0
293.722 0
294.308 0
294.894 0
295.48 0
296.066 0
296.652 0
297.238 0
297.824 0
298.41 0
298.996 0
299.582 0
300.169 0
300.755 0
301.342 0
301.928 0
302.515 0
303.101 0
303.688 0
304.275 0
304.861 0
305.448 0
306.035 0
306.622 0
307.209 0
307.796 0
308.383 0
308.97 0
309.558 0
310.145 0
310.732 0
311.32 0
311.907 0
312.494 0
313.082 0
313.67 0
314.257 0
314.845 0
315.433 0
316.02 0
316.608 0
317.196 0
317.784 0
318.372 0
318.96 0
319.548 0
320.137 0
320.725 0
321.313 0
321.902 0
322.49 0
323.079 0
323.667 0
324.256 0
324.844 0
325.433 0
326.022 0
326.611 0
327.199 0
327.788 0
328.377 0
328.966 0
329.556 0
330.145 0
330.734 0
331.323 0
331.913 0
332.502 0
333.091 0
333.681 0
334.27 0
334.86 0
335.45 0
336.04 0
336.629 0
337.219 0
337.809 0
338.399 0
338.989 0
339.579 0
340.169 0
340.76 0
341.35 0
341.94 0
342.531 0
343.121 0
343.712 0
344.302 0
344.893 0
345.483 0
346.074 0
346.665 0
347.256 0
347.847 0
348.438 0
349.029 0
349.62 0
350.211 0
350.802 0
351.394 0
351.985 0
352.576 0
353.168 0
353.76 0
354.351 0
354.943 0
355.535 0
356.126 0
356.718 0
357.31 30.6243
357.902 44.107
358.494 37.8598
359.086 24.0523
359.678 0
360.271 0
360.863 0
361.455 0
362.048 0
362.64 0
363.233 0
363.825 0
364.418 0
365.011 0
365.603 0
366.196 0
366.789 0
367.382 0
367.975 0
368.568 0
369.161 0
369.755 0
370.348 0
370.941 0
371.535 0
372.128 0
372.722 0
373.315 0
373.909 0
374.503 0
375.096 0
375.69 0
376.284 0
376.878 0
377.472 0
378.066 0
378.661 0
379.255 0
379.849 0
380.444 0
381.038 0
381.633 0
382.227 0
382.822 0
383.417 0
384.011 0
384.606 0
385.201 0
385.796 0
386.391 0
386.986 0
387.581 0
388.177 0
388.772 0
389.367 0
389.963 0
390.558 0
391.154 0
391.75 0
392.345 0
392.941 0
393.537 0
394.133 0
394.729 0
395.325 0
395.921 0
396.517 56.1008
397.113 161.839
397.71 229.762
398.306 113.931
398.903 20.9586
399.499 0
400.096 0
400.692 0
401.289 0
401.886 0
402.483 0
403.08 0
403.677 0
404.274 0
404.871 0
405.468 0
406.065 0
406.663 0
407.26 0
407.858 0
408.455 0
409.053 0
409.65 0
410.248 0
410.846 0
411.444 0
412.042 0
412.64 0
413.238 0
413.836 0
414.435 0
415.033 0
415.631 0
416.23 0
416.828 0
417.427 0
418.026 0
418.624 0
419.223 0
419.822 0
420.421 0
421.02 0
421.619 0
422.218 0
422.818 0
423.417 0
424.016 0
424.616 0
425.215 0
425.815 0
426.415 0
427.014 0
427.614 107.192
428.214 412.564
428.814 770.642
429.414 470.363
430.014 137.485
430.614 37.5228
431.215 0
431.815 0
432.415 0
433.016 0
433.616 0
434.217 0
434.818 0
435.419 0
436.019 0
436.62 0
437.221 0
437.822 0
438.424 0
439.025 0
439.626 0
440.227 0
440.829 0
441.43 0
442.032 0
442.634 0
443.235 0
443.837 0
444.439 0
445.041 0
445.643 0
446.245 0
446.847 0
447.45 0
448.052 0
448.654 0
449.257 0
449.86 0
450.462 0
451.065 0
451.668 0
452.271 0
452.874 0
453.477 0
454.08 0
454.683 0
455.286 0
455.889 0
456.493 0
457.096 0
457.7 0
458.304 0
458.907 0
459.511 0
460.115 0
460.719 0
461.323 0
461.927 0
462.531 0
463.135 0
463.74 0
464.344 0
464.949 0
465.553 0
466.158 0
466.763 0
467.367 0
467.972 0
468.577 0
469.182 0
469.787 0
470.393 0
470.998 0
471.603 0
472.209 0
472.814 0
473.42 0
474.025 0
474.631 0
475.237 0
475.843 0
476.449 0
477.055 45.0238
477.661 84.529
478.267 94.3473
478.874 96.7001
479.48 108.564
480.087 117.893
480.693 121.06
481.3 117.579
481.907 109.873
482.513 96.7762
483.12 90.5754
483.727 84.1789
484.334 74.647
484.941 64.2958
485.548 33.8512
486.156 22.816
486.763 0
487.371 0
487.978 0
488.586 0
489.193 0
489.801 0
490.409 0
491.017 0
491.625 0
492.233 0
492.841 0
493.449 0
494.058 0
494.666 0
495.275 0
495.883 0
496.492 0
497.101 0
497.71 0
498.319 0
498.928 0
499.537 0
500.146 0
500.755 0
501.364 0
501.974 0
502.583 0
503.193 0
503.803 0
504.412 0
505.022 0
505.632 0
506.242 0
506.852 0
507.462 0
508.073 0
508.683 0
509.293 0
509.904 0
510.515 0
511.125 0
511.736 0
512.347 0
512.958 0
513.569 0
514.18 0
514.791 0
515.402 0
516.014 0
516.625 0
517.237 0
517.848 0
518.46 0
519.072 0
519.684 0
520.296 0
520.908 0
521.52 0
522.132 0
522.745 0
523.357 0
523.969 0
524.582 0
525.195 0
525.807 0
526.42 0
527.033 0
527.646 0
528.259 0
528.872 0
529.486 0
530.099 0
530.713 0
531.326 0
531.94 37.3477
532.553 79.4489
533.167 91.7571
533.781 160.239
534.395 316.927
535.009 413.769
535.623 365.096
536.238 316.375
536.852 313.361
537.466 313.544
538.081 359.978
538.695 682.834
539.31 738.071
539.925 407.539
540.54 248.26
541.155 173.879
541.77 104.08
542.385 92.5638
543 82.1815
543.615 0
544.231 0
544.846 0
545.462 0
546.078 0
546.693 0
547.309 0
547.925 0
548.541 0
549.157 0
549.773 0
550.39 0
551.006 0
551.623 0
552.239 0
552.856 0
553.473 0
554.089 0
554.706 0
555.323 0
555.941 0
556.558 0
557.175 0
557.793 0
558.41 0
559.028 0
559.645 0
560.263 0
560.881 0
561.499 0
562.117 0
562.735 0
563.353 0
563.972 0
564.59 0
565.208 0
565.827 0
566.446 0
567.065 0
567.683 0
568.302 0
568.921 0
569.541 0
570.16 47.0211
570.779 0
571.399 0
572.018 56.8814
572.638 36.0484
573.258 0
573.877 0
574.497 0
575.117 0
575.737 0
576.358 26.0646
576.978 27.9162
577.598 28.4765
578.219 21.3682
578.839 0
579.46 0
580.081 21.7517
580.702 29.5616
581.323 20.4469
581.944 0
582.565 0
583.186 0
583.807 0
584.429 0
585.05 0
585.672 0
586.294 0
586.915 0
587.537 0
588.159 0
588.781 0
589.404 0
590.026 0
590.648 0
591.271 0
591.893 0
592.516 0
593.139 0
593.762 0
594.385 0
595.008 0
595.631 0
596.254 0
596.878 0
597.501 0
598.125 0
598.748 0
599.372 0
599.996 0
600.62 0
601.244 0
601.868 0
602.492 0
603.117 81.3755
603.741 207.825
604.366 381.232
604.99 325.774
605.615 203.503
606.24 158.398
606.865 144.664
607.49 116.937
608.115 64.2196
608.74 26.8285
609.365 0
609.991 0
610.616 0
611.242 0
611.868 0
612.494 0
613.119 0
613.745 0
614.372 0
614.998 0
615.624 0
616.251 0
616.877 0
617.504 0
618.13 0
618.757 0
619.384 0
620.011 0
620.638 0
621.266 0
621.893 0
622.52 0
623.148 0
623.776 0
624.403 0
625.031 0
625.659 0
626.287 0
626.915 0
627.543 0
628.172 0
628.8 0
629.429 0
630.057 0
630.686 0
631.315 0
631.944 0
632.573 0
633.202 0
633.832 0
634.461 0
635.09 0
635.72 0
636.35 0
636.979 0
637.609 0
638.239 0
638.869 0
639.5 0
640.13 0
640.76 0
641.391 0
642.021 0
642.652 0
643.283 0
643.914 0
644.545 0
645.176 0
645.807 0
646.439 0
647.07 0
647.702 0
648.333 0
648.965 0
649.597 0
650.229 0
650.861 0
651.493 0
652.125 0
652.758 0
653.39 0
654.023 0
654.656 0
655.289 0
655.921 0
656.554 0
657.188 0
657.821 0
658.454 0
659.088 0
659.721 0
660.355 0
660.989 0
661.623 0
662.257 0
662.891 0
663.525 0
664.159 0
664.794 0
665.428 0
666.063 0
666.697 0
667.332 0
667.967 0
668.602 0
669.237 0
669.873 0
670.508 0
671.144 0
671.779 0
672.415 0
673.051 0
673.687 0
674.323 0
674.959 0
675.595 0
676.231 0
676.868 0
677.504 0
678.141 0
678.778 0
679.415 0
680.052 0
680.689 0
681.326 0
681.964 0
682.601 0
683.239 0
683.876 0
684.514 0
685.152 0
685.79 0
686.428 0
687.066 0
687.705 0
688.343 0
688.982 0
689.62 0
690.259 0
690.898 0
691.537 0
692.176 0
692.815 0
693.455 0
694.094 0
694.734 0
695.373 0
696.013 0
696.653 0
697.293 0
697.933 0
698.573 0
699.214 0
699.854 0
700.495 0
701.135 0
701.776 0
702.417 0
703.058 0
703.699 0
704.34 0
704.982 0
705.623 0
706.265 0
706.906 0
707.548 0
708.19 0
708.832 0
709.474 0
710.117 0
710.759 0
711.402 0
712.044 0
712.687 0
713.33 0
713.973 0
714.616 0
715.259 0
715.902 0
716.545 0
717.189 0
717.833 0
718.476 0
719.12 0
719.764 0
720.408 0
721.052 0
721.697 0
722.341 0
722.986 0
723.63 0
724.275 0
724.92 0
725.565 0
726.21 0
726.856 0
727.501 0
728.146 0
728.792 0
729.438 0
730.083 0
730.729 0
731.375 0
732.022 0
732.668 0
733.314 0
733.961 0
734.608 0
735.254 0
735.901 0
736.548 0
737.195 0
737.842 0
738.49 0
739.137 0
739.785 0
740.433 0
741.08 0
741.728 0
742.376 0
743.025 0
743.673 0
744.321 0
744.97 0
745.618 0
746.267 0
746.916 0
747.565 0
748.214 0
748.863 0
749.513 0
750.162 0
750.812 0
751.462 0
752.111 0
752.761 0
753.411 0
754.062 0
754.712 0
755.362 0
756.013 0
756.664 0
757.314 0
757.965 0
758.616 0
759.268 0
759.919 0
760.57 0
761.222 0
761.873 0
762.525 0
763.177 0
763.829 0
764.481 0
765.133 0
765.786 0
766.438 0
767.091 0
767.744 0
768.396 0
769.049 0
769.702 0
770.356 0
771.009 0
771.662 0
772.316 0
772.97 0
773.624 0
774.278 0
774.932 0
775.586 0
776.24 0
776.895 0
777.549 0
778.204 0
778.859 0
779.514 0
780.169 0
780.824 0
781.479 0
782.135 0
782.79 0
783.446 0
784.102 0
784.758 0
785.414 0
786.07 0
786.726 0
787.382 0
788.039 0
788.696 0
789.353 0
790.009 0
790.666 0
791.324 0
791.981 0
792.638 0
793.296 0
793.954 0
794.611 0
795.269 0
795.927 0
796.586 0
797.244 0
797.902 0
798.561 0
799.219 0
799.878 0
800.537 0
801.196 0
801.855 0
802.515 0
803.174 0
803.834 0
804.493 0
805.153 0
805.813 0
806.473 0
807.133 0
807.794 0
808.454 0
809.115 0
809.776 0
810.436 0
811.097 0
811.758 0
812.42 0
813.081 0
813.742 0
814.404 0
815.066 0
815.728 0
816.39 0
817.052 0
817.714 0
818.376 0
819.039 0
819.701 0
820.364 0
821.027 0
821.69 0
822.353 0
823.017 0
823.68 0
824.343 0
825.007 0
825.671 0
826.335 0
826.999 0
827.663 0
828.327 0
828.992 0
829.656 0
830.321 0
830.986 0
831.651 0
832.316 0
832.981 0
833.647 0
834.312 0
834.978 0
835.643 0
836.309 0
836.975 0
837.641 0
838.308 0
838.974 0
839.641 0
840.307 0
840.974 0
841.641 0
842.308 0
842.975 0
843.643 0
844.31 0
844.978 0
845.645 0
846.313 0
846.981 0
847.649 0
848.318 0
848.986 0
849.654 0
850.323 0
850.992 0
851.661 0
852.33 0
852.999 0
853.668 0
854.338 0
855.007 0
855.677 0
856.347 0
857.017 0
857.687 0
858.357 0
859.028 0
859.698 0
860.369 0
861.04 0
861.711 0
862.382 0
863.053 0
863.724 0
864.396 0
865.067 0
865.739 0
866.411 0
867.083 0
867.755 0
868.427 0
869.1 0
869.772 0
870.445 0
871.118 0
871.791 0
872.464 0
873.137 0
873.81 0
874.484 0
875.157 0
875.831 0
876.505 0
877.179 0
877.853 0
878.528 0
879.202 0
879.877 0
880.551 0
881.226 0
881.901 0
882.576 0
883.252 0
883.927 0
884.603 0
885.278 0
885.954 0
886.63 0
887.306 0
887.982 0
888.659 0
889.335 0
890.012 0
890.689 0
891.366 0
892.043 0
892.72 0
893.397 0
894.075 0
894.752 0
895.43 0
896.108 0
896.786 0
897.464 0
898.143 0
898.821 0
899.5 0
900.178 0
900.857 0
901.536 0
902.216 0
902.895 0
903.574 0
904.254 0
904.934 0
905.613 0
906.293 0
906.974 0
907.654 0
908.334 0
909.015 0
909.696 0
910.376 0
911.057 0
911.738 0
912.42 0
913.101 0
913.783 0
914.464 0
915.146 0
915.828 0
916.51 0
917.193 0
917.875 0
918.558 0
919.24 0
919.923 0
920.606 0
921.289 0
921.972 0
922.656 0
923.339 0
924.023 0
924.707 0
925.391 0
926.075 0
926.759 0
927.444 0
928.128 0
928.813 0
929.498 0
930.183 0
930.868 0
931.553 0
932.238 0
932.924 0
933.61 0
934.295 0
934.981 0
