180.948 10.8
181.525 1.0626
182.103 3.27
182.68 6.25096
183.258 8.25933
183.835 5.13977
184.413 -0.0765783
184.99 -0.167788
185.568 2.01713
186.146 10.0239
186.723 4.06828
187.301 -1.2
187.879 0.0396817
188.457 4.82718
189.035 2.24212
189.613 0.84564
190.191 -2.41819
190.769 0.60162
191.347 -0.110258
191.925 0.406548
192.503 -3.02928
193.081 2.08042
193.659 2.77814
194.237 0.0603567
194.815 2.62117
195.394 4.11301
195.972 2.55496
196.55 1.24817
197.129 7.9726
197.707 -0.632891
198.286 3.19075
198.864 4.15471
199.443 2.54162
200.021 8.35836
200.6 6.64295
201.178 7.67734
201.757 4.17188
202.336 -5.92385
202.915 -0.677838
203.493 3.83453
204.072 6.30943
204.651 4.79839
205.23 -0.167091
205.809 4.56886
206.388 2.96732
206.967 1.06442
207.546 2.81591
208.125 2.68964
208.704 3.15931
209.283 0.681813
209.863 0.840882
210.442 1.50521
211.021 -3.72087
211.6 -3.18434
212.18 4.52192
212.759 8.36132
213.339 10.8424
213.918 13.1104
214.498 8.52421
215.077 7.67654
215.657 5.06768
216.237 4.5329
216.816 8.03675
217.396 5.13611
217.976 2.04141
218.556 1.47939
219.135 4.70236
219.715 5.26186
220.295 7.71162
220.875 5.22927
221.455 0.795784
222.035 -1.8088
222.615 -3.1605
223.195 -0.626855
223.776 10.0791
224.356 9.31702
224.936 4.85768
225.516 6.57644
226.097 5.52886
226.677 6.30444
227.258 3.29112
227.838 1.76044
228.419 3.54783
228.999 4.54824
229.58 6.21791
230.16 7.75281
230.741 2.67445
231.322 -2.4116
231.902 4.41677
232.483 8.72252
233.064 8.97598
233.645 5.00314
234.226 -0.896423
234.807 -8.03466
235.388 -0.195752
235.969 0.318851
236.55 0.255326
237.131 0.506729
237.712 -0.781728
238.294 4.6325
238.875 4.02727
239.456 2.84118
240.038 7.69167
240.619 7.76749
241.2 0.559516
241.782 2.57287
242.364 4.33397
242.945 3.61578
243.527 0.0246433
244.108 3.5688
244.69 9.17704
245.272 8.09919
245.854 4.9585
246.436 -0.164878
247.017 -1.94058
247.599 2.99865
248.181 10.2798
248.763 11.5966
249.345 10.2867
249.928 4.37739
250.51 5.20142
251.092 3.71648
251.674 2.58906
252.257 6.53744
252.839 4.07355
253.421 1.51679
254.004 1.44316
254.586 3.86113
255.169 1.67344
255.751 11.5657
256.334 11.3426
256.917 10.6795
257.499 10.0262
258.082 6.3287
258.665 -0.285285
259.248 1.93409
259.831 9.1403
260.414 4.94589
260.997 7.32206
261.58 1.58439
262.163 0.590043
262.746 3.36001
263.329 1.37169
263.912 -0.836944
264.496 -1.25608
265.079 2.36835
265.662 6.42092
266.246 6.22438
266.829 -4.2405
267.413 -4.30798
267.996 2.21541
268.58 1.61786
269.163 6.3447
269.747 4.70441
270.331 2.41286
270.915 2.47474
271.499 4.84024
272.082 -3.44936
272.666 -1.02636
273.25 1.83285
273.835 1.24264
274.419 5.6927
275.003 2.66584
275.587 -0.837152
276.171 3.79434
276.755 2.01485
277.34 -0.240527
277.924 -1.3115
278.509 6.25472
279.093 3.63806
279.678 -1.63646
280.262 1.09158
280.847 0.438319
281.432 3.26471
282.016 3.6214
282.601 3.38623
283.186 5.20673
283.771 4.73325
284.356 2.81531
284.941 2.44586
285.526 8.69561
286.111 2.71646
286.696 2.25723
287.281 1.999
287.867 1.12904
288.452 1.92128
289.037 4.21493
289.623 6.74618
290.208 4.79359
290.794 6.85919
291.379 4.49246
291.965 1.23789
292.55 2.555
293.136 4.1845
293.722 5.77989
294.308 6.22107
294.894 1.6265
295.48 -0.398008
296.066 2.9309
296.652 6.19589
297.238 7.05634
297.824 4.12136
298.41 -3.84867
298.996 2.25219
299.582 8.68927
300.169 4.42578
300.755 5.15661
301.342 3.16001
301.928 3.55786
302.515 3.6322
303.101 5.32566
303.688 2.47887
304.275 7.26374
304.861 5.74189
305.448 2.67225
306.035 4.17977
306.622 6.22808
307.209 1.63042
307.796 3.41897
308.383 2.65086
308.97 3.77399
309.558 4.14481
310.145 3.82437
310.732 4.61125
311.32 2.8284
311.907 5.3198
312.494 -0.00059
313.082 1.03472
313.67 1.7405
314.257 0.622854
314.845 3.59788
315.433 5.69734
316.02 4.37351
316.608 1.57404
317.196 2.1246
317.784 2.58145
318.372 10.8353
318.96 5.72736
319.548 -0.899767
320.137 -2.6442
320.725 -0.786224
321.313 -1.11347
321.902 1.08368
322.49 -1.86232
323.079 -1.46228
323.667 -1.6573
324.256 -1.73583
324.844 1.10891
325.433 -2.61522
326.022 1.38654
326.611 3.13339
327.199 4.28367
327.788 6.07727
328.377 2.77127
328.966 4.9717
329.556 4.84308
330.145 4.51544
330.734 -3.10372
331.323 -6.28111
331.913 2.29935
332.502 3.95624
333.091 -0.290487
333.681 5.77845
334.27 0.0486787
334.86 -0.523783
335.45 1.40507
336.04 2.90419
336.629 0.327513
337.219 2.36133
337.809 -0.055497
338.399 -2.68422
338.989 5.5527
339.579 8.41726
340.169 5.82593
340.76 3.73295
341.35 0.700346
341.94 -2.35281
342.531 -5.91093
343.121 -2.67874
343.712 -0.00628667
344.302 5.55312
344.893 2.67034
345.483 -2.02937
346.074 0.769155
346.665 0.0899523
347.256 -0.167221
347.847 -2.29224
348.438 -0.535001
349.029 7.44078
349.62 9.06032
350.211 1.97994
350.802 0.205986
351.394 -0.517394
351.985 2.11133
352.576 3.60286
353.168 5.57431
353.76 4.89383
354.351 -2.97674
354.943 1.61858
355.535 7.65483
356.126 12.1288
356.718 23.3332
357.31 39.8677
357.902 55.5774
358.494 49.6639
359.086 27.4424
359.678 13.7023
360.271 9.91701
360.863 4.78676
361.455 3.51643
362.048 5.88884
362.64 1.78185
363.233 1.38003
363.825 -0.505951
364.418 2.41053
365.011 2.00881
365.603 -1.43593
366.196 2.23978
366.789 4.12331
367.382 3.96926
367.975 3.86081
368.568 5.63775
369.161 5.25674
369.755 5.09322
370.348 11.8227
370.941 15.0901
371.535 7.88239
372.128 5.4258
372.722 1.78179
373.315 4.36746
373.909 5.45316
374.503 -0.290552
375.096 4.45407
375.69 8.9762
376.284 13.2406
376.878 5.15897
377.472 -0.984553
378.066 2.02681
378.661 7.40362
379.255 8.72362
379.849 2.58443
380.444 0.448364
381.038 1.65475
381.633 5.72768
382.227 7.69817
382.822 9.80669
383.417 2.36507
384.011 -0.281851
384.606 0.294276
385.201 7.79556
385.796 9.40844
386.391 3.01085
386.986 6.9162
387.581 4.71705
388.177 5.56378
388.772 1.22997
389.367 2.40154
389.963 4.48448
390.558 8.36153
391.154 6.61843
391.75 2.28113
392.345 5.08894
392.941 10.1652
393.537 15.119
394.133 15.2722
394.729 10.8039
395.325 12.5446
395.921 21.7878
396.517 81.6887
397.113 201.59
397.71 282.904
398.306 156.169
398.903 50.7568
399.499 32.0101
400.096 33.5999
400.692 43.7413
401.289 29.9483
401.886 13.7037
402.483 14.6176
403.08 19.396
403.677 14.0551
404.274 7.81045
404.871 13.3851
405.468 18.6393
406.065 14.8859
406.663 20.047
407.26 19.5012
407.858 22.6163
408.455 26.1557
409.053 22.64
409.65 22.0912
410.248 21.6806
410.846 30.4238
411.444 28.8114
412.042 33.0123
412.64 28.2726
413.238 34.6746
413.836 38.0082
414.435 30.9742
415.033 33.4931
415.631 39.783
416.23 45.9683
416.828 46.3472
417.427 44.9398
418.026 46.7157
418.624 50.403
419.223 48.5203
419.822 44.7896
420.421 51.8486
421.02 55.9465
421.619 65.5356
422.218 69.54
422.818 66.8892
423.417 72.8787
424.016 73.6631
424.616 75.9718
425.215 77.0746
425.815 77.4015
426.415 77.8757
427.014 92.6757
427.614 191.798
428.214 541.484
428.814 951.26
429.414 608.749
430.014 229.602
430.614 117.643
431.215 95.5358
431.815 91.4891
432.415 92.0748
433.016 90.3657
433.616 88.1432
434.217 85.9891
434.818 89.7116
435.419 89.2507
436.019 92.2301
436.62 94.1595
437.221 98.3178
437.822 96.9468
438.424 96.1957
439.025 101.738
439.626 96.488
440.227 102.293
440.829 105.018
441.43 99.4772
442.032 102.389
442.634 99.934
443.235 104.227
443.837 104.045
444.439 100.6
445.041 108.836
445.643 108.945
446.245 107.719
446.847 101.764
447.45 102.623
448.052 103.686
448.654 96.5007
449.257 101.045
449.86 101.05
450.462 98.4227
451.065 93.8066
451.668 94.3381
452.271 88.2014
452.874 89.4372
453.477 90.7932
454.08 92.3764
454.683 98.3902
455.286 93.8052
455.889 90.8824
456.493 87.743
457.096 86.9584
457.7 89.1202
458.304 90.7751
458.907 82.9248
459.511 84.5167
460.115 88.6499
460.719 83.6548
461.323 83.3459
461.927 83.1939
462.531 86.0032
463.135 84.9143
463.74 79.2052
464.344 79.6657
464.949 77.9505
465.553 77.8072
466.158 71.0304
466.763 69.1862
467.367 67.9194
467.972 70.9995
468.577 69.1827
469.182 72.3915
469.787 74.387
470.393 70.8527
470.998 67.8958
471.603 63.3539
472.209 65.8839
472.814 64.6197
473.42 69.574
474.025 70.2947
474.631 75.9307
475.237 90.7537
475.843 99.1108
476.449 109.964
477.055 144.709
477.661 183.938
478.267 194.766
478.874 206.241
479.48 209.501
480.087 216.961
480.693 215.295
481.3 210.806
481.907 209.498
482.513 201.575
483.12 193.605
483.727 179.714
484.334 176.072
484.941 157.439
485.548 125.065
486.156 113.387
486.763 104.386
487.371 101.356
487.978 91.0646
488.586 86.3144
489.193 78.4248
489.801 79.7685
490.409 78.1576
491.017 66.8101
491.625 66.313
492.233 62.9192
492.841 64.4479
493.449 59.2817
494.058 55.1585
494.666 48.9664
495.275 51.8203
495.883 47.0647
496.492 45.3257
497.101 48.3871
497.71 48.116
498.319 54.5132
498.928 52.8824
499.537 48.1174
500.146 48.6774
500.755 47.5521
501.364 44.5075
501.974 47.6215
502.583 51.3232
503.193 55.2454
503.803 52.5625
504.412 46.1545
505.022 44.3754
505.632 45.2167
506.242 51.8064
506.852 55.3604
507.462 51.0373
508.073 48.6397
508.683 46.1382
509.293 43.2315
509.904 47.3029
510.515 46.8559
511.125 43.384
511.736 42.7123
512.347 40.3834
512.958 33.5914
513.569 35.3271
514.18 39.1346
514.791 39.2593
515.402 44.1062
516.014 38.4081
516.625 29.5647
517.237 28.1961
517.848 28.2529
518.46 27.4908
519.072 28.6004
519.684 31.6895
520.296 33.181
520.908 31.8449
521.52 27.3577
522.132 23.8763
522.745 23.5957
523.357 23.6753
523.969 27.9944
524.582 22.98
525.195 27.7969
525.807 36.0147
526.42 38.3527
527.033 37.973
527.646 35.7431
528.259 40.83
528.872 46.3765
529.486 53.095
530.099 70.5275
530.713 89.9403
531.326 118.076
531.94 161.481
532.553 199.135
533.167 221.597
533.781 351.165
534.395 538.817
535.009 595.53
535.623 514.249
536.238 446.5
536.852 432.011
537.466 439.83
538.081 493.226
538.695 878.123
539.31 963.057
539.925 589.288
540.54 394.165
541.155 296.168
541.77 227.406
542.385 210.893
543 210.87
543.615 201.959
544.231 161.402
544.846 110.154
545.462 90.0949
546.078 74.8374
546.693 63.5085
547.309 50.9515
547.925 41.7415
548.541 35.9344
549.157 28.0377
549.773 29.3239
550.39 23.7538
551.006 21.6509
551.623 17.538
552.239 14.0981
552.856 12.0011
553.473 13.1046
554.089 11.8134
554.706 18.5608
555.323 20.4784
555.941 15.3223
556.558 9.61341
557.175 8.6081
557.793 14.9866
558.41 14.1392
559.028 17.6577
559.645 18.9094
560.263 13.1945
560.881 9.51896
561.499 7.56486
562.117 8.94866
562.735 13.7987
563.353 15.5898
563.972 10.2415
564.59 12.4108
565.208 9.25373
565.827 4.73124
566.446 7.65576
567.065 9.70529
567.683 17.7998
568.302 13.516
568.921 22.7129
569.541 82.3433
570.16 112.705
570.779 64.7247
571.399 61.8106
572.018 113.253
572.638 89.1906
573.258 66.3299
573.877 45.2832
574.497 43.8234
575.117 58.8745
575.737 71.9584
576.358 81.6815
576.978 82.8864
577.598 79.8547
578.219 71.9401
578.839 64.8074
579.46 64.0789
580.081 89.1602
580.702 90.4849
581.323 73.1756
581.944 49.0263
582.565 42.8931
583.186 38.5631
583.807 43.3281
584.429 49.5825
585.05 53.6923
585.672 66.3731
586.294 70.4448
586.915 60.1797
587.537 46.459
588.159 31.2202
588.781 29.4875
589.404 29.584
590.026 32.4863
590.648 34.0747
591.271 41.349
591.893 40.3173
592.516 37.4836
593.139 39.8718
593.762 29.0441
594.385 22.0363
595.008 19.3736
595.631 15.8723
596.254 14.5472
596.878 15.7805
597.501 19.1283
598.125 21.3415
598.748 21.7813
599.372 26.8302
599.996 30.8488
600.62 34.6196
601.244 40.2621
601.868 53.511
602.492 73.2508
603.117 144.149
603.741 281.014
604.366 475.874
604.99 420.776
605.615 268.474
606.24 219.451
606.865 205.126
607.49 178.356
608.115 131.663
608.74 94.8158
609.365 71.5416
609.991 57.811
610.616 46.8449
611.242 41.0662
611.868 42.4148
612.494 42.4773
613.119 47.1433
613.745 49.4464
614.372 49.6828
614.998 48.835
615.624 45.6237
616.251 45.1676
616.877 48.4896
617.504 52.7593
618.13 51.6456
618.757 55.6734
619.384 51.5634
620.011 43.4135
620.638 38.5046
621.266 41.5644
621.893 41.1634
622.52 40.7857
623.148 46.8609
623.776 64.1956
624.403 65.7118
625.031 45.0923
625.659 28.0974
626.287 21.7088
626.915 16.2993
627.543 14.4839
628.172 16.8483
628.8 13.4251
629.429 13.9566
630.057 12.9336
630.686 9.88697
631.315 12.3606
631.944 12.7096
632.573 6.99761
633.202 10.3418
633.832 13.1067
634.461 14.4166
635.09 13.35
635.72 13.1127
636.35 8.79377
636.979 11.7505
637.609 12.1575
638.239 5.66661
638.869 11.1744
639.5 11.5402
640.13 7.97511
640.76 11.4412
641.391 7.28872
642.021 3.4967
642.652 7.33848
643.283 18.3111
643.914 27.6985
644.545 16.5642
645.176 10.4463
645.807 10.1971
646.439 12.0452
647.07 8.54266
647.702 9.47843
648.333 10.0573
648.965 9.7955
649.597 15.3254
650.229 15.5034
650.861 10.7868
651.493 5.57648
652.125 5.92095
652.758 10.3614
653.39 12.0374
654.023 7.71985
654.656 8.31625
655.289 10.6705
655.921 11.0889
656.554 16.8967
657.188 12.34
657.821 13.3873
658.454 11.1001
659.088 9.4806
659.721 3.02203
660.355 1.44705
660.989 4.19339
661.623 6.78011
662.257 5.51837
662.891 2.67265
663.525 5.95517
664.159 4.67866
664.794 5.29431
665.428 4.86736
666.063 7.03298
666.697 4.56298
667.332 -0.063619
667.967 4.18898
668.602 5.21598
669.237 0.653381
669.873 -2.41109
670.508 0.665096
671.144 5.84991
671.779 5.43492
672.415 6.23868
673.051 3.93742
673.687 4.91432
674.323 -0.179292
674.959 5.38389
675.595 4.42399
676.231 3.82605
676.868 2.35614
677.504 0.955899
678.141 -0.930195
678.778 0.896382
679.415 7.7155
680.052 6.94699
680.689 11.0869
681.326 12.8512
681.964 13.5415
682.601 9.74777
683.239 11.5635
683.876 5.75035
684.514 5.74136
685.152 6.73328
685.79 3.1561
686.428 -0.797969
687.066 4.83519
687.705 10.6849
688.343 7.24671
688.982 4.74825
689.62 9.3063
690.259 9.62065
690.898 9.27351
691.537 7.87105
692.176 6.07363
692.815 8.2727
693.455 5.81235
694.094 5.39359
694.734 9.18592
695.373 8.05048
696.013 7.78484
696.653 9.17233
697.293 8.98846
697.933 5.52034
698.573 0.867223
699.214 4.67452
699.854 5.06099
700.495 17.4129
701.135 25.446
701.776 19.852
702.417 24.0816
703.058 29.2495
703.699 20.5923
704.34 12.8146
704.982 9.5566
705.623 13.3019
706.265 18.1147
706.906 21.586
707.548 10.7713
708.19 9.26373
708.832 6.19967
709.474 6.93201
710.117 8.44985
710.759 4.97755
711.402 3.43309
712.044 3.51812
712.687 2.51813
713.33 0.134601
713.973 4.49278
714.616 2.12141
715.259 0.819691
715.902 2.05728
716.545 6.29485
717.189 5.04613
717.833 -1.88695
718.476 -0.633104
719.12 2.43892
719.764 1.9713
720.408 4.01579
721.052 -1.50898
721.697 2.79068
722.341 6.60828
722.986 7.55598
723.63 0.284399
724.275 -0.663022
724.92 5.82963
725.565 0.81244
726.21 6.76605
726.856 4.74444
727.501 5.0852
728.146 8.02507
728.792 4.54724
729.438 -0.633169
730.083 -0.675957
730.729 4.47654
731.375 4.89499
732.022 1.73391
732.668 5.29304
733.314 6.85169
733.961 3.09618
734.608 1.34608
735.254 4.72558
735.901 6.1117
736.548 3.27528
737.195 0.972544
737.842 0.182288
738.49 2.39959
739.137 2.61148
739.785 3.01789
740.433 -2.65647
741.08 -1.75652
741.728 4.64277
742.376 1.96503
743.025 -0.951214
743.673 5.335
744.321 5.31568
744.97 3.01943
745.618 7.79656
746.267 1.87007
746.916 0.278565
747.565 2.95463
748.214 3.77237
748.863 4.77075
749.513 3.75313
750.162 6.8703
750.812 1.98118
751.462 4.00523
752.111 6.90409
752.761 9.38796
753.411 -0.000116333
754.062 4.59526
754.712 1.24418
755.362 -2.29248
756.013 -7.58759
756.664 -2.46981
757.314 2.048
757.965 7.25903
758.616 6.36882
759.268 4.60914
759.919 3.14548
760.57 1.23223
761.222 1.88699
761.873 -3.74061
762.525 0.144217
763.177 2.42759
763.829 0.247934
764.481 2.10706
765.133 2.95164
765.786 1.13799
766.438 4.05801
767.091 1.29734
767.744 2.15864
768.396 2.75943
769.049 2.80237
769.702 5.22823
770.356 -1.83653
771.009 4.89463
771.662 5.3712
772.316 -0.601106
772.97 1.84691
773.624 1.18379
774.278 2.04636
774.932 -0.929252
775.586 -2.47852
776.24 -0.468572
776.895 -2.16809
777.549 -0.104615
778.204 1.24986
778.859 0.247416
779.514 4.92868
780.169 4.80911
780.824 4.79008
781.479 1.74699
782.135 6.5977
782.79 6.39363
783.446 -1.68785
784.102 0.794584
784.758 -1.04759
785.414 -0.983007
786.07 3.81755
786.726 1.93673
787.382 -0.336703
788.039 4.93325
788.696 3.14059
789.353 2.11306
790.009 4.61553
790.666 7.30465
791.324 8.87587
791.981 3.42551
792.638 5.8937
793.296 1.83757
793.954 9.54709
794.611 11.9642
795.269 0.943718
795.927 -0.79081
796.586 6.87478
797.244 5.87367
797.902 -0.0250517
798.561 -3.90006
799.219 2.6288
799.878 2.36125
800.537 2.22773
801.196 5.72009
801.855 3.99785
802.515 -0.082339
803.174 -1.04187
803.834 -5.39891
804.493 5.97194
805.153 4.67319
805.813 4.59753
806.473 4.90585
807.133 6.44922
807.794 3.79339
808.454 8.41804
809.115 1.31576
809.776 3.6439
810.436 7.10901
811.097 1.88388
811.758 -1.04555
812.42 -1.26247
813.081 -0.786249
813.742 2.07328
814.404 -1.04465
815.066 5.33914
815.728 8.4752
816.39 7.55265
817.052 1.40283
817.714 0.958824
818.376 2.10202
819.039 4.54913
819.701 10.8951
820.364 9.58304
821.027 1.53006
821.69 4.60062
822.353 -3.11066
823.017 -1.51353
823.68 4.15793
824.343 2.43272
825.007 4.63184
825.671 7.4212
826.335 5.5704
826.999 4.70029
827.663 5.30993
828.327 3.85225
828.992 2.70359
829.656 -1.15023
830.321 -0.718072
830.986 2.43479
831.651 0.609677
832.316 -4.471
832.981 2.02532
833.647 4.96002
834.312 4.2439
834.978 9.29508
835.643 1.01583
836.309 -0.524262
836.975 4.4926
837.641 3.87559
838.308 4.5569
838.974 8.68642
839.641 7.68456
840.307 4.09332
840.974 6.90594
841.641 7.09212
842.308 5.92274
842.975 7.69526
843.643 2.5755
844.31 1.35909
844.978 5.64247
845.645 3.54973
846.313 4.33914
846.981 -0.280673
847.649 7.10299
848.318 9.63529
848.986 12.1861
849.654 4.75742
850.323 -1.55695
850.992 0.542985
851.661 2.79274
852.33 3.0339
852.999 3.41046
853.668 1.70059
854.338 -1.53957
855.007 -3.04719
855.677 3.65303
856.347 1.59507
857.017 5.52107
857.687 5.28766
858.357 2.48047
859.028 2.45582
859.698 4.18265
860.369 -1.37329
861.04 0.609048
861.711 3.87466
862.382 6.17209
863.053 -2.02699
863.724 -2.9227
864.396 1.48998
865.067 2.1108
865.739 2.8342
866.411 -1.84436
867.083 -2.51684
867.755 0.518889
868.427 1.46235
869.1 -1.60921
869.772 0.357359
870.445 8.21626
871.118 7.59833
871.791 5.60629
872.464 1.05111
873.137 -1.82037
873.81 -6.4092
874.484 -4.40209
875.157 1.80091
875.831 0.419716
876.505 5.78005
877.179 4.95953
877.853 2.15284
878.528 3.81071
879.202 6.56937
879.877 3.77477
880.551 3.72843
881.226 -2.69978
881.901 -2.89127
882.576 -2.85511
883.252 1.75497
883.927 2.98626
884.603 2.43628
885.278 9.01534
885.954 8.04585
886.63 8.4378
887.306 8.60829
887.982 6.5374
888.659 8.19395
889.335 2.08562
890.012 6.1643
890.689 8.06179
891.366 6.08999
892.043 -0.539243
892.72 3.23626
893.397 1.45754
894.075 1.93284
894.752 5.635
895.43 8.69608
896.108 0.510346
896.786 -0.176515
897.464 4.07015
898.143 6.88816
898.821 4.69797
899.5 3.85669
900.178 3.51534
900.857 5.07261
901.536 1.62126
902.216 2.34387
902.895 2.56836
903.574 6.44336
904.254 7.18941
904.934 0.492296
905.613 -2.56723
906.293 2.41111
906.974 1.65652
907.654 4.208
908.334 6.93619
909.015 8.08049
909.696 4.8333
910.376 4.92336
911.057 4.82062
911.738 5.95246
912.42 11.041
913.101 4.65336
913.783 5.42752
914.464 10.8285
915.146 5.32575
915.828 2.80904
916.51 4.59497
917.193 4.63505
917.875 2.46181
918.558 3.35211
919.24 4.62476
919.923 0.362842
920.606 0.932162
921.289 -2.17416
921.972 -2.06995
922.656 6.09334
923.339 3.22041
924.023 3.42936
924.707 3.57757
925.391 2.65374
926.075 3.16055
926.759 5.40068
927.444 3.46908
928.128 6.6147
928.813 5.22644
929.498 2.00104
930.183 2.88164
930.868 3.14487
931.553 3.69767
932.238 1.01776
932.924 7.62336
933.61 5.19134
934.295 5.49439
934.981 1.18145
