180.948 10.8
181.525 1.0626
182.103 3.46644
182.68 -1.66093
183.258 -3.07465
183.835 -0.899422
184.413 2.24773
184.99 4.10319
185.568 -0.843848
186.146 -4.12411
186.723 -1.83526
187.301 3.99917
187.879 1.27346
188.457 -1.80641
189.035 -2.13058
189.613 1.33463
190.191 1.09326
190.769 0.547083
191.347 -1.66894
191.925 1.09865
192.503 1.27248
193.081 -0.425125
193.659 -1.21618
194.237 0.980976
194.815 0.178643
195.394 -1.54073
195.972 1.53092
196.55 -0.866238
197.129 -0.724151
197.707 0.129744
198.286 1.5893
198.864 0.201306
199.443 0.295871
200.021 -0.319596
200.6 -2.27066
201.178 -3.04293
201.757 0.261855
202.336 4.48248
202.915 3.4868
203.493 -2.22165
204.072 -3.27738
204.651 0.152523
205.23 1.36006
205.809 -0.030333
206.388 -0.895754
206.967 0.943561
207.546 0.409625
208.125 -1.12315
208.704 -0.339499
209.283 0.432268
209.863 -0.713129
210.442 -0.73364
211.021 2.83521
211.6 3.61438
212.18 0.00316633
212.759 -1.74782
213.339 -2.43775
213.918 -1.93024
214.498 -0.859327
215.077 0.905954
215.657 1.53959
216.237 0.493582
216.816 -1.64633
217.396 -1.1894
217.976 2.11141
218.556 1.58477
219.135 0.480013
219.715 -1.36005
220.295 -2.13115
220.875 -1.72283
221.455 0.584315
222.035 2.16959
222.615 4.35806
223.195 1.33594
223.776 -3.63628
224.356 -3.09595
224.936 0.801013
225.516 1.1005
226.097 -1.09157
226.677 -0.6793
227.258 0.500893
227.838 1.62079
228.419 0.80196
228.999 0.02347
229.58 -1.75605
230.16 -2.87496
230.741 1.51132
231.322 4.38324
231.902 1.1652
232.483 -3.66496
233.064 -3.51956
233.645 -2.38716
234.226 3.19783
234.807 3.97221
235.388 0.975017
235.969 -2.25045
236.55 -0.47017
237.131 1.34509
237.712 0.712773
238.294 -0.830675
238.875 -0.24405
239.456 1.05696
240.038 -2.40263
240.619 -1.85115
241.2 1.79884
241.782 1.81819
242.364 -1.95547
242.945 0.0990241
243.527 2.82688
244.108 1.01295
244.69 -2.86511
245.272 -3.36087
245.854 -0.482627
246.436 2.78679
247.017 4.50342
247.599 1.21813
248.181 -2.63749
248.763 -4.14394
249.345 -0.797869
249.928 0.911885
250.51 1.03641
251.092 0.943747
251.674 0.44541
252.257 -1.32442
252.839 -1.16241
253.421 1.74955
254.004 0.46139
254.586 2.18944
255.169 0.971127
255.751 -1.00946
256.334 -3.07588
256.917 -0.991285
257.499 -2.13512
258.082 0.404118
258.665 4.37725
259.248 1.40371
259.831 -1.58386
260.414 -2.7596
260.997 -0.244816
261.58 0.790131
262.163 1.609
262.746 -1.02669
263.329 -0.942646
263.912 1.85929
264.496 2.36657
265.079 0.124761
265.662 -4.63253
266.246 -2.64406
266.829 3.40532
267.413 3.76079
267.996 0.352527
268.58 -1.57185
269.163 -1.39359
269.747 -1.42588
270.331 1.48072
270.915 -1.38464
271.499 -0.847552
272.082 1.67143
272.666 2.26214
273.25 0.0863849
273.835 -0.961698
274.419 -1.90035
275.003 -0.0161799
275.587 1.51846
276.171 -0.559394
276.755 -1.69726
277.34 2.8394
277.924 1.13066
278.509 -2.65571
279.093 -1.76203
279.678 1.70419
280.262 1.8315
280.847 -0.180434
281.432 -0.233361
282.016 -0.37195
282.601 0.0564754
283.186 -0.8085
283.771 -0.832052
284.356 2.14214
284.941 -0.214745
285.526 -1.77264
286.111 -1.07086
286.696 1.48848
287.281 0.270173
287.867 0.966563
288.452 1.18626
289.037 -0.750292
289.623 -0.705703
290.208 -0.825396
290.794 -1.00519
291.379 -0.340687
291.965 1.79488
292.55 1.43033
293.136 -0.255139
293.722 -1.94319
294.308 -1.75365
294.894 1.19222
295.48 3.01036
296.066 0.815145
296.652 -2.13319
297.238 -3.75221
297.824 0.777968
298.41 4.68786
298.996 1.10704
299.582 -3.06295
300.169 -1.69615
300.755 0.942177
301.342 0.154494
301.928 1.00809
302.515 -0.695737
303.101 0.697261
303.688 0.171579
304.275 -0.964633
304.861 -1.1575
305.448 1.67393
306.035 -0.359323
306.622 -0.869131
307.209 0.107624
307.796 1.26927
308.383 -0.13489
308.97 0.0204369
309.558 -0.194824
310.145 -0.457147
310.732 0.43628
311.32 -1.13432
311.907 -0.310782
312.494 0.397777
313.082 1.15371
313.67 0.293716
314.257 0.982863
314.845 -0.183993
315.433 -2.1389
316.02 -0.653347
316.608 0.987345
317.196 3.14472
317.784 -0.502866
318.372 -3.93283
318.96 -3.07368
319.548 2.6878
320.137 2.3146
320.725 0.813993
321.313 -1.01194
321.902 -0.526942
322.49 -0.205473
323.079 0.734269
323.667 0.715129
324.256 -0.590706
324.844 0.227387
325.433 0.790014
326.022 1.07056
326.611 -0.716125
327.199 -1.35177
327.788 -0.428473
328.377 0.237424
328.966 0.518239
329.556 -2.83403
330.145 -1.91272
330.734 3.17971
331.323 4.32999
331.913 -1.29461
332.502 -1.56095
333.091 -0.636809
333.681 -0.635741
334.27 -0.446122
334.86 2.42273
335.45 -0.634025
336.04 -0.552268
336.629 -0.4602
337.219 -0.650676
337.809 1.74205
338.399 3.0612
338.989 -0.756798
339.579 -3.73081
340.169 -1.61371
340.76 -0.266182
341.35 -0.42155
341.94 1.7178
342.531 2.60593
343.121 2.52505
343.712 -1.33471
344.302 -3.31236
344.893 -1.04838
345.483 1.70077
346.074 0.772478
346.665 -1.34644
347.256 0.429292
347.847 2.90688
348.438 1.95824
349.029 -3.43307
349.62 -4.02849
350.211 0.0886564
350.802 2.92411
351.394 1.41186
351.985 0.607493
352.576 -0.876926
353.168 -3.05373
353.76 -0.277478
354.351 3.6999
354.943 3.73286
355.535 1.66511
356.126 3.961
356.718 3.97165
357.31 -5.00864
357.902 -14.1622
358.494 -10.7439
359.086 1.81969
359.678 6.30535
360.271 3.37064
360.863 2.31075
361.455 0.812752
362.048 -0.677483
362.64 -0.687374
363.233 1.79469
363.825 0.686095
364.418 -0.919391
365.011 -0.217797
365.603 1.67014
366.196 0.684174
366.789 -1.37227
367.382 -0.0239427
367.975 0.204495
368.568 -0.324012
369.161 1.44609
369.755 2.0271
370.348 -2.50721
370.941 -4.12103
371.535 -1.29595
372.128 2.62847
372.722 1.90204
373.315 -0.814195
373.909 -0.358789
374.503 2.48017
375.096 2.82766
375.69 -3.70145
376.284 -4.81103
376.878 -0.0811329
377.472 5.1531
378.066 2.47036
378.661 -3.19399
379.255 -3.21214
379.849 0.539415
380.444 3.39524
381.038 1.58281
381.633 -0.042598
382.227 -3.27015
382.822 -2.68357
383.417 0.247133
384.011 4.72984
384.606 2.20639
385.201 -2.83369
385.796 -2.17176
386.391 0.382695
386.986 1.19774
387.581 -1.91892
388.177 0.222985
388.772 1.13969
389.367 2.47616
389.963 -0.576461
390.558 -2.63723
391.154 -0.676098
391.75 2.96912
392.345 2.97865
392.941 -0.775958
393.537 -3.41279
394.133 -1.57823
394.729 3.48412
395.325 19.463
395.921 40.9971
396.517 29.1632
397.113 -58.8371
397.71 -94.0967
398.306 -25.5426
398.903 49.0451
399.499 35.9206
400.096 2.63698
400.692 -8.51474
401.289 -2.98663
401.886 7.75732
402.483 3.66742
403.08 -3.49093
403.677 0.0983909
404.274 4.71563
404.871 0.666015
405.468 -1.40495
406.065 -0.383615
406.663 1.14716
407.26 0.0596157
407.858 -0.787952
408.455 -2.05468
409.053 -0.704711
409.65 3.52227
410.248 1.0038
410.846 -0.161785
411.444 -3.02179
412.042 1.01258
412.64 1.34388
413.238 -1.09384
413.836 -2.59056
414.435 2.20935
415.033 4.31568
415.631 -0.626377
416.23 -3.02872
416.828 -1.515
417.427 1.40003
418.026 0.137245
418.624 -2.36904
419.223 0.699343
419.822 3.25011
420.421 3.38264
421.02 -0.0882708
421.619 -2.726
422.218 -1.9792
422.818 0.314323
423.417 0.6734
424.016 -1.17845
424.616 -0.302993
425.215 -0.634974
425.815 3.93455
426.415 30.2737
427.014 111.821
427.614 148.645
428.214 -117.596
428.814 -315.708
429.414 -154.301
430.014 129.714
430.614 120.007
431.215 34.7357
431.815 6.48987
432.415 0.193357
433.016 -0.856137
433.616 1.56167
434.217 1.34283
434.818 0.869078
435.419 -0.0208532
436.019 1.16979
436.62 -0.924563
437.221 -1.55574
437.822 0.483858
438.424 -0.209184
439.025 0.331558
439.626 0.774317
440.227 -0.523199
440.829 -2.00748
441.43 -0.272352
442.032 2.04302
442.634 0.0800902
443.235 -0.922179
443.837 0.660406
444.439 1.75179
445.041 -0.527081
445.643 -4.24532
446.245 -0.461096
446.847 1.62749
447.45 -0.322474
448.052 -0.125592
448.654 1.37344
449.257 0.653915
449.86 -2.99325
450.462 -0.133675
451.065 -0.267379
451.668 0.719374
452.271 1.2888
452.874 2.22287
453.477 1.39758
454.08 -1.06448
454.683 -2.80152
455.286 -2.37774
455.889 1.05486
456.493 1.78913
457.096 1.79072
457.7 -2.09118
458.304 -1.52072
458.907 2.05696
459.511 1.17883
460.115 -1.84712
460.719 -0.554901
461.323 2.25224
461.927 0.200191
462.531 -2.14461
463.135 -1.33112
463.74 0.702442
464.344 1.27938
464.949 -1.84325
465.553 -0.984488
466.158 0.383665
466.763 2.89873
467.367 0.628838
467.972 0.579199
468.577 0.408028
469.182 -0.664058
469.787 -2.55158
470.393 -1.78533
470.998 1.50623
471.603 1.49389
472.209 2.17116
472.814 0.371408
473.42 1.3667
474.025 3.52182
474.631 3.49424
475.237 0.566939
475.843 6.04864
476.449 12.2337
477.055 0.633221
477.661 -10.7059
478.267 -10.1843
478.874 -2.13583
479.48 -3.15479
480.087 -3.51762
480.693 -2.90833
481.3 -1.3332
481.907 -1.93951
482.513 -3.60189
483.12 0.376986
483.727 -1.5824
484.334 -7.42212
484.941 -4.25887
485.548 5.70823
486.156 8.76622
486.763 1.24934
487.371 0.177466
487.978 -0.596934
488.586 2.87572
489.193 2.21599
489.801 -1.41005
490.409 -1.91691
491.017 1.04066
491.625 3.26511
492.233 -0.630785
492.841 -1.16481
493.449 -2.05696
494.058 1.99588
494.666 1.11162
495.275 0.185261
495.883 0.490222
496.492 1.96704
497.101 1.84856
497.71 -0.387994
498.319 -2.43082
498.928 -2.11553
499.537 0.905116
500.146 0.250779
500.755 0.455555
501.364 2.25896
501.974 2.07447
502.583 -1.62477
503.193 -3.83209
503.803 -2.16111
504.412 1.6682
505.022 4.08798
505.632 2.34495
506.242 -1.90923
506.852 -3.69312
507.462 -1.45505
508.073 0.389854
508.683 1.79039
509.293 1.58386
509.904 -0.806963
510.515 -1.78733
511.125 -0.137652
511.736 -1.18532
512.347 0.0502367
512.958 2.9715
513.569 2.27217
514.18 0.362802
514.791 -2.04131
515.402 -4.06871
516.014 -2.22517
516.625 2.71209
517.237 2.51253
517.848 0.591081
518.46 1.13375
519.072 0.926693
519.684 -0.927006
520.296 -2.56861
520.908 -1.871
521.52 0.44526
522.132 1.76206
522.745 2.28016
523.357 -0.746857
523.969 0.0201637
524.582 2.51839
525.195 2.58653
525.807 -2.32471
526.42 -3.3733
527.033 0.521067
527.646 2.73842
528.259 2.62236
528.872 3.69475
529.486 5.49238
530.099 6.40221
530.713 8.66679
531.326 7.39284
531.94 -2.44259
532.553 22.4479
533.167 58.1576
533.781 18.0835
534.395 -78.9481
535.009 -92.6852
535.623 -18.4104
536.238 33.0656
536.852 37.7999
537.466 120.621
538.081 69.3901
538.695 -164.899
539.31 -231.249
539.925 -26.745
540.54 101.02
541.155 55.2077
541.77 35.4565
542.385 19.4559
543 -8.13938
543.615 -19.1562
544.231 -4.7124
544.846 11.6839
545.462 12.0913
546.078 2.7047
546.693 1.5524
547.309 2.05581
547.925 1.81765
548.541 2.70038
549.157 1.37957
549.773 0.675912
550.39 -1.04728
551.006 0.321488
551.623 0.0978251
552.239 1.68223
552.856 1.0711
553.473 2.18488
554.089 1.38098
554.706 -1.79422
555.323 -4.56948
555.941 -0.914074
556.558 3.96755
557.175 2.44383
557.793 0.260245
558.41 -0.841128
559.028 -1.71455
559.645 -3.05066
560.263 -0.624594
560.881 2.27411
561.499 2.91273
562.117 1.56523
562.735 -2.36044
563.353 -1.78584
563.972 -0.339813
564.59 -0.524967
565.208 0.0207186
565.827 2.55146
566.446 3.47987
567.065 -1.19596
567.683 0.273776
568.302 16.6504
568.921 17.1036
569.541 -20.5177
570.16 -29.0617
570.779 12.461
571.399 14.599
572.018 -16.4854
572.638 -20.5395
573.258 6.71696
573.877 13.6301
574.497 12.1103
575.117 2.91406
575.737 -4.43617
576.358 -5.82133
576.978 -5.64455
577.598 -3.07973
578.219 0.76973
578.839 10.3423
579.46 6.10352
580.081 -8.13113
580.702 -16.7279
581.323 -3.10799
581.944 6.28209
582.565 8.51886
583.186 4.83862
583.807 2.62413
584.429 1.95526
585.05 0.600793
585.672 -5.33695
586.294 -9.59139
586.915 -6.01098
587.537 2.22093
588.159 5.87723
588.781 5.44452
589.404 1.34971
590.026 1.86308
590.648 -0.311747
591.271 -2.45002
591.893 -1.65344
592.516 -2.05286
593.139 -3.08059
593.762 -0.897407
594.385 2.71396
595.008 1.50382
595.631 1.42403
596.254 2.3224
596.878 1.31301
597.501 -0.388809
598.125 0.232673
598.748 1.17428
599.372 0.804538
599.996 0.134181
600.62 2.9046
601.244 5.64922
601.868 19.5717
602.492 42.6272
603.117 59.4583
603.741 -27.7139
604.366 -118.328
604.99 -83.5671
605.615 26.4037
606.24 40.823
606.865 -1.11202
607.49 -9.28097
608.115 2.40525
608.74 11.3567
609.365 8.7581
609.991 5.39364
610.616 5.0494
611.242 4.16923
611.868 2.80044
612.494 0.930351
613.119 -0.287865
613.745 -1.8706
614.372 -1.73043
614.998 -0.535496
615.624 1.58496
616.251 2.67716
616.877 -0.0525008
617.504 -0.567401
618.13 -1.65971
618.757 -3.17288
619.384 -3.13046
620.011 2.51151
620.638 3.35234
621.266 0.800232
621.893 0.864884
622.52 5.98916
623.148 2.14959
623.776 -9.88683
624.403 -12.9707
625.031 -1.74072
625.659 5.86088
626.287 4.47687
626.915 3.01432
627.543 1.16461
628.172 -0.15627
628.8 -0.402862
629.429 -0.114471
630.057 0.265796
630.686 1.1806
631.315 -1.06504
631.944 -0.617132
632.573 1.98401
633.202 1.9235
633.832 -1.46807
634.461 -1.19729
635.09 -1.48977
635.72 0.56642
636.35 1.22349
636.979 -0.984805
637.609 -0.25654
638.239 1.70232
638.869 0.101378
639.5 -1.14489
640.13 -0.286487
640.76 -1.15321
641.391 0.158828
642.021 5.41202
642.652 4.78423
643.283 -4.50535
643.914 -7.81466
644.545 -2.03667
645.176 4.54762
645.807 1.04684
646.439 -0.425794
647.07 0.271415
647.702 0.874932
648.333 1.19251
648.965 0.712865
649.597 -2.03737
650.229 -3.76787
650.861 -0.0229658
651.493 3.40985
652.125 2.55266
652.758 -1.72692
653.39 -1.95452
654.023 0.895782
654.656 1.60425
655.289 1.21241
655.921 -1.20465
656.554 -1.30095
657.188 -1.5123
657.821 0.362846
658.454 -2.04914
659.088 -0.487801
659.721 1.94504
660.355 3.2017
660.989 0.0666938
661.623 -2.14751
662.257 -0.0274846
662.891 0.871245
663.525 0.337675
664.159 -0.78954
664.794 0.834521
665.428 -0.511248
666.063 -1.86213
666.697 0.288194
667.332 2.2676
667.967 -0.442514
668.602 -2.8891
669.237 0.799499
669.873 3.66221
670.508 1.05823
671.144 -1.44924
671.779 -1.96477
672.415 -0.04589
673.051 -1.21666
673.687 1.37977
674.323 0.969028
674.959 0.352608
675.595 -1.95775
676.231 -0.250378
676.868 -0.358091
677.504 0.872445
678.141 2.87877
678.778 1.03253
679.415 -0.422987
680.052 -0.743036
680.689 0.0774279
681.326 -2.42019
681.964 -0.625889
682.601 -1.05678
683.239 -0.00847138
683.876 0.593798
684.514 0.781829
685.152 -1.7799
685.79 1.27223
686.428 4.06301
687.066 0.178326
687.705 -3.65018
688.343 -0.234806
688.982 2.08024
689.62 0.00842071
690.259 -1.7975
690.898 -0.754121
691.537 0.671063
692.176 0.268671
692.815 -0.271729
693.455 0.746875
694.094 0.980131
694.734 -0.660219
695.373 -0.56284
696.013 0.508037
696.653 -1.13947
697.293 -2.19507
697.933 0.971049
698.573 2.30994
699.214 4.36989
699.854 2.91674
700.495 -2.32568
701.135 -4.2674
701.776 0.584734
702.417 -0.741138
703.058 -5.40567
703.699 -2.28177
704.34 4.18922
704.982 4.59776
705.623 2.07518
706.265 -4.35164
706.906 -3.84669
707.548 -0.537653
708.19 3.07681
708.832 1.40674
709.474 -0.00442562
710.117 -1.36339
710.759 -0.133968
711.402 0.939156
712.044 -0.394737
712.687 1.02325
713.33 0.571278
713.973 -0.652277
714.616 -0.738789
715.259 2.25103
715.902 0.443709
716.545 -3.11823
717.189 -1.66454
717.833 2.40406
718.476 2.10701
719.12 -0.279767
719.764 -2.09736
720.408 0.280758
721.052 1.91009
721.697 1.78041
722.341 -3.71606
722.986 -2.53562
723.63 2.48772
724.275 1.70698
724.92 0.327458
725.565 -0.865388
726.21 0.391527
726.856 -0.523588
727.501 -0.0447622
728.146 -2.49429
728.792 -1.09541
729.438 3.19975
730.083 2.34186
730.729 -1.56723
731.375 -0.966611
732.022 1.2858
732.668 -0.455621
733.314 -2.27609
733.961 0.806729
734.608 2.20184
735.254 -0.595148
735.901 -2.22671
736.548 -0.54558
737.195 1.65999
737.842 1.14812
738.49 0.0554182
739.137 -2.22697
739.785 -0.672094
740.433 2.65144
741.08 1.6418
741.728 -2.38706
742.376 -0.0663777
743.025 2.07418
743.673 -0.72365
744.321 -0.756442
744.97 -0.67728
745.618 -1.32773
746.267 0.0189809
746.916 2.53658
747.565 0.47449
748.214 -1.02953
748.863 0.368979
749.513 -1.09146
750.162 -0.274706
750.812 0.925221
751.462 2.23154
752.111 -3.31989
752.761 -1.21127
753.411 0.330509
754.062 0.536625
754.712 -2.85236
755.362 2.16847
756.013 3.78883
756.664 2.91604
757.314 -1.61754
757.965 -2.66517
758.616 -2.03127
759.268 -0.250007
759.919 0.625614
760.57 -0.822841
761.222 0.759113
761.873 1.82424
762.525 0.75635
763.177 -1.21635
763.829 0.165885
764.481 -0.0403629
765.133 -0.0766335
765.786 -0.353833
766.438 -0.0472542
767.091 -0.145214
767.744 0.763816
768.396 0.367324
769.049 -1.84974
769.702 0.555116
770.356 1.41391
771.009 -0.58138
771.662 -2.14502
772.316 0.877279
772.97 1.50837
773.624 -1.33165
774.278 -0.801496
774.932 0.531587
775.586 0.873057
776.24 0.502288
776.895 0.350291
777.549 0.0978779
778.204 0.411238
778.859 0.390805
779.514 -0.404859
780.169 -2.1926
780.824 0.988072
781.479 1.07482
782.135 -2.16165
782.79 -1.80199
783.446 1.0411
784.102 1.70964
784.758 0.934713
785.414 0.665525
786.07 -1.62248
786.726 0.0780278
787.382 1.10282
788.039 -0.652974
788.696 -0.681408
789.353 1.78479
790.009 0.769167
790.666 -2.43194
791.324 -1.06621
791.981 -0.476594
792.638 2.82792
793.296 1.66622
793.954 -2.74588
794.611 -4.61796
795.269 2.82613
795.927 4.20556
796.586 -2.42787
797.244 -3.99697
797.902 2.44052
798.561 3.09517
799.219 0.098082
799.878 -0.848424
800.537 0.102357
801.196 -1.87256
801.855 -1.60882
802.515 -0.306992
803.174 3.92922
803.834 2.14992
804.493 -0.586692
805.153 -2.98599
805.813 0.866887
806.473 -0.560756
807.133 0.633353
807.794 -1.43011
808.454 -0.251286
809.115 1.0159
809.776 0.698754
810.436 -2.74363
811.097 -0.724052
811.758 2.01646
812.42 1.75301
813.081 -0.488387
813.742 0.833953
814.404 1.43639
815.066 0.16329
815.728 -4.16083
816.39 -1.76963
817.052 1.40533
817.714 2.68301
818.376 2.12626
819.039 -0.144521
819.701 -4.09403
820.364 -1.89882
821.027 -0.239272
821.69 1.21691
822.353 2.07289
823.017 2.29235
823.68 -0.884673
824.343 -0.262839
825.007 0.048439
825.671 -1.5398
826.335 -0.48268
826.999 0.323712
827.663 -0.374917
828.327 -1.23113
828.992 0.153502
829.656 1.84129
830.321 0.968304
830.986 -2.28623
831.651 0.490192
832.316 3.0138
832.981 0.738214
833.647 -0.934441
834.312 -2.38009
834.978 -2.13977
835.643 0.952933
836.309 3.12592
836.975 -0.170154
837.641 -0.068049
838.308 0.382646
838.974 -1.95379
839.641 -0.74617
840.307 1.25428
840.974 0.316754
841.641 -0.490824
842.308 -1.09571
842.975 -0.998048
843.643 1.27501
844.31 1.65055
844.978 -0.337783
845.645 -2.13203
846.313 1.9348
846.981 2.21275
847.649 1.35571
848.318 -4.22946
848.986 -3.95327
849.654 0.0303613
850.323 3.96732
850.992 1.89441
851.661 -0.779338
852.33 -1.11198
852.999 -1.29272
853.668 -0.75695
854.338 2.65039
855.007 1.51032
855.677 0.301296
856.347 -1.12619
857.017 -0.808269
857.687 -1.49644
858.357 0.957577
859.028 -0.535148
859.698 -0.466971
860.369 1.51655
861.04 2.42715
861.711 -3.04729
862.382 -2.68845
863.053 1.6477
863.724 3.27831
864.396 -0.0790927
865.067 -2.58284
865.739 -1.14122
866.411 1.23296
867.083 2.13604
867.755 -0.984347
868.427 -0.879049
869.1 2.69557
869.772 1.5428
870.445 -2.34201
871.118 -3.74318
871.791 -1.01003
872.464 -0.501412
873.137 1.6296
873.81 3.53499
874.484 1.51588
875.157 -0.125393
875.831 -1.04365
876.505 -1.29026
877.179 -1.34159
877.853 1.66042
878.528 0.160712
879.202 -1.28024
879.877 -2.23221
880.551 -0.167951
881.226 0.914531
881.901 3.18632
882.576 1.05993
883.252 -0.650152
883.927 0.308099
884.603 0.38964
885.278 -0.809243
885.954 -1.63653
886.63 -0.346323
887.306 0.0411169
887.982 -1.26146
888.659 0.647752
889.335 1.52413
890.012 0.870267
890.689 -3.61216
891.366 -0.12877
892.043 1.54156
892.72 1.2364
893.397 0.301046
894.075 1.84378
894.752 -2.56616
895.43 -2.86069
896.108 1.41001
896.786 3.84872
897.464 -0.633615
898.143 -2.16916
898.821 -0.709975
899.5 1.14212
900.178 -0.4745
900.857 -0.411527
901.536 0.215484
902.216 2.02208
902.895 0.528199
903.574 -2.42459
904.254 -3.0446
904.934 1.72888
905.613 2.84613
906.293 0.784156
906.974 -0.170607
907.654 0.567782
908.334 -1.88303
909.015 -1.3811
909.696 0.120452
910.376 1.22361
911.057 1.6045
911.738 -1.23044
912.42 -1.74165
913.101 1.11237
913.783 0.913805
914.464 -2.49791
915.146 -0.606289
915.828 2.19831
916.51 -0.151275
917.193 -0.572082
917.875 0.789811
918.558 -0.542143
919.24 -0.882362
919.923 -0.560956
920.606 0.722371
921.289 2.62835
921.972 1.21798
922.656 -1.54668
923.339 -1.84976
924.023 0.548209
924.707 -0.0680456
925.391 0.80207
926.075 -0.0403182
926.759 0.157985
927.444 -0.311365
928.128 -1.01735
928.813 -0.909599
929.498 1.05843
930.183 0.99129
930.868 -0.975922
931.553 1.35029
932.238 0.473696
932.924 -0.438815
933.61 -2.72886
934.295 5.49439
934.981 1.18145
