180.948 10.8
181.525 1.0626
182.103 3.27
182.68 6.25096
183.258 -0.0416301
183.835 0.123081
184.413 0.333748
184.99 0.166184
185.568 0.0435522
186.146 -0.0306724
186.723 -0.334578
187.301 -0.250756
187.879 -0.104074
188.457 0.382176
189.035 -0.0338016
189.613 -0.173292
190.191 -0.0873751
190.769 0.452027
191.347 0.410597
191.925 0.111845
192.503 0.0157608
193.081 0.234874
193.659 0.0246703
194.237 -0.215435
194.815 -0.00935602
195.394 -0.140556
195.972 -0.138243
196.55 -0.158155
197.129 -0.0291026
197.707 0.35613
198.286 0.25322
198.864 0.237825
199.443 0.102018
200.021 -1.1905
200.6 -0.86839
201.178 -0.260021
201.757 0.372752
202.336 0.922162
202.915 0.506232
203.493 0.449141
204.072 -0.164018
204.651 -0.839074
205.23 -0.294279
205.809 0.131321
206.388 0.30571
206.967 -0.00710006
207.546 -0.245735
208.125 0.0592853
208.704 -0.330882
209.283 -0.391539
209.863 0.330069
210.442 0.870285
211.021 1.1156
211.6 0.950437
212.18 0.279465
212.759 -0.469948
213.339 -1.33567
213.918 -1.33086
214.498 -0.452901
215.077 -0.0338908
215.657 0.101883
216.237 0.144025
216.816 0.113538
217.396 0.234883
217.976 0.370517
218.556 0.338017
219.135 0.071853
219.715 -0.556102
220.295 -0.887894
220.875 -0.524181
221.455 0.726955
222.035 1.23875
222.615 1.02031
223.195 0.4437
223.776 -0.329932
224.356 -0.747632
224.936 -0.971441
225.516 -0.666103
226.097 0.139293
226.677 0.225849
227.258 0.243399
227.838 0.530637
228.419 0.159777
228.999 -0.394653
229.58 -0.372276
230.16 0.0561808
230.741 0.463626
231.322 0.367261
231.902 -0.109375
232.483 -0.905422
233.064 -0.962638
233.645 -0.588675
234.226 0.418465
234.807 0.99507
235.388 0.883595
235.969 0.67291
236.55 0.113695
237.131 -0.345007
237.712 0.272755
238.294 0.232552
238.875 -0.394248
239.456 -0.585654
240.038 -0.4783
240.619 -0.107039
241.2 -0.269544
241.782 0.0168416
242.364 0.768654
242.945 0.685882
243.527 -0.00326811
244.108 -0.409206
244.69 -0.715564
245.272 -0.55785
245.854 0.0921005
246.436 0.917832
247.017 1.19391
247.599 0.352528
248.181 -0.447009
248.763 -1.12186
249.345 -1.16013
249.928 -0.251641
250.51 0.398702
251.092 0.375779
251.674 0.150213
252.257 -0.0188066
252.839 -0.0110637
253.421 0.542055
254.004 0.758756
254.586 0.768663
255.169 0.177825
255.751 -0.582148
256.334 -1.28759
256.917 -1.18621
257.499 -0.391424
258.082 0.460231
258.665 0.744362
259.248 0.401325
259.831 -0.0073901
260.414 -0.28898
260.997 -0.579699
261.58 -0.277785
262.163 0.182068
262.746 0.304614
263.329 0.752111
263.912 0.51227
264.496 -0.212933
265.079 -0.486782
265.662 -0.359519
266.246 -0.254235
266.829 0.332306
267.413 0.747283
267.996 0.667613
268.58 0.107643
269.163 -0.578872
269.747 -0.960007
270.331 -0.517985
270.915 -0.106038
271.499 0.361208
272.082 0.619909
272.666 0.43013
273.25 0.0868276
273.835 0.0992632
274.419 -0.452498
275.003 -0.399775
275.587 -0.288155
276.171 0.271178
276.755 0.519876
277.34 -0.0846534
277.924 -0.214297
278.509 -0.0202829
279.093 -0.000649914
279.678 0.0154066
280.262 0.152683
280.847 0.587419
281.432 0.193196
282.016 -0.339551
282.601 -0.34624
283.186 0.00446891
283.771 -0.0519576
284.356 -0.178028
284.941 -0.218975
285.526 -0.168235
286.111 -0.134522
286.696 0.0508914
287.281 0.46126
287.867 0.655699
288.452 0.255929
289.037 -0.060666
289.623 -0.494218
290.208 -0.58778
290.794 -0.304259
291.379 0.151691
291.965 0.441955
292.55 0.0992751
293.136 -0.132703
293.722 -0.242881
294.308 -0.0737552
294.894 0.304269
295.48 0.332394
296.066 -0.216826
296.652 -0.220328
297.238 -0.0159243
297.824 -0.0225615
298.41 0.31052
298.996 0.328452
299.582 0.109076
300.169 -0.329284
300.755 -0.535761
301.342 -0.0979136
301.928 0.486004
302.515 0.222646
303.101 -0.0334472
303.688 -0.193647
304.275 -0.043984
304.861 -0.235475
305.448 -0.12215
306.035 -0.163351
306.622 0.207231
307.209 0.153026
307.796 0.0411251
308.383 0.205663
308.97 0.104589
309.558 -0.0688903
310.145 -0.274134
310.732 -0.327768
311.32 -0.141393
311.907 -0.0588484
312.494 0.216224
313.082 0.510412
313.67 0.404775
314.257 0.144095
314.845 -0.325929
315.433 -0.300275
316.02 0.254741
316.608 0.152943
317.196 -0.171615
317.784 -0.477392
318.372 -0.594811
318.96 -0.564254
319.548 -0.0318257
320.137 0.320787
320.725 0.795746
321.313 0.326173
321.902 -0.123386
322.49 0.0112687
323.079 -0.0021124
323.667 0.195815
324.256 0.414301
324.844 0.288856
325.433 0.316679
326.022 -0.0391754
326.611 -0.149334
327.199 -0.199927
327.788 -0.453478
328.377 -0.672752
328.966 -0.851723
329.556 -0.157112
330.145 0.448117
330.734 0.361275
331.323 0.875315
331.913 0.49722
332.502 -0.0408507
333.091 -0.592339
333.681 -0.449222
334.27 0.0483885
334.86 0.202277
335.45 -0.0525694
336.04 -0.033869
336.629 0.0595712
337.219 0.467773
337.809 0.522241
338.399 0.222765
338.989 -0.396621
339.579 -0.79095
340.169 -1.24549
340.76 -0.837212
341.35 0.343463
341.94 1.2102
342.531 1.08463
343.121 0.432598
343.712 -0.0267167
344.302 -0.471945
344.893 -0.666068
345.483 -0.440326
346.074 0.0113249
346.665 0.868653
347.256 0.877162
347.847 0.140604
348.438 -0.22982
349.029 -0.655724
349.62 -0.65792
350.211 -0.44325
350.802 0.216558
351.394 0.809746
351.985 0.167824
352.576 -0.338444
353.168 -0.0458774
353.76 0.453844
354.351 1.4406
354.943 2.5356
355.535 3.19464
356.126 1.71983
356.718 -1.75854
357.31 -4.2392
357.902 -5.12329
358.494 -4.60343
359.086 -2.34991
359.678 0.757749
360.271 2.6723
360.863 2.4956
361.455 1.1134
362.048 0.562455
362.64 0.435092
363.233 0.0363943
363.825 0.233113
364.418 0.509047
365.011 0.279089
365.603 0.162789
366.196 0.106676
366.789 0.131582
367.382 -0.113707
367.975 0.0575441
368.568 0.555421
369.161 0.122393
369.755 -0.460549
370.348 -0.972394
370.941 -0.847457
371.535 -0.539289
372.128 -0.374592
372.722 0.542297
373.315 1.10127
373.909 1.00433
374.503 0.28608
375.096 -0.643462
375.69 -0.668745
376.284 -0.347882
376.878 -0.174081
377.472 0.115489
378.066 0.246627
378.661 0.24392
379.255 -0.11808
379.849 -0.0818539
380.444 0.520361
381.038 0.395859
381.633 -0.183069
382.227 -0.797483
382.822 -0.359962
383.417 0.284132
384.011 0.398345
384.606 0.586837
385.201 0.2791
385.796 -0.382051
386.391 -0.801479
386.986 -0.542889
387.581 0.186328
388.177 0.569501
388.772 0.309398
389.367 0.173799
389.963 -0.0129149
390.558 0.197409
391.154 0.33735
391.75 0.517805
392.345 0.229968
392.941 0.0434264
393.537 0.0805118
394.133 3.48805
394.729 11.7874
395.325 17.624
395.921 6.81045
396.517 -10.3402
397.113 -21.6702
397.71 -24.0929
398.306 -17.3649
398.903 -4.11917
399.499 9.8369
400.096 14.966
400.692 6.60733
401.289 0.461698
401.886 -0.190976
402.483 1.01595
403.08 2.16995
403.677 1.11282
404.274 0.486078
404.871 0.61159
405.468 0.725085
406.065 0.260641
406.663 -0.402959
407.26 -0.349226
407.858 -0.394359
408.455 -0.139496
409.053 0.195102
409.65 0.394945
410.248 0.218805
410.846 0.328933
411.444 0.0892698
412.042 -0.536382
412.64 -0.597485
413.238 0.151002
413.836 0.504503
414.435 0.673345
415.033 0.157041
415.631 0.204526
416.23 0.0179711
416.828 -0.760283
417.427 -0.956272
418.026 -0.244788
418.624 0.424406
419.223 0.999402
419.822 1.16522
420.421 0.776204
421.02 0.49926
421.619 -0.322658
422.218 -0.893336
422.818 -0.734229
423.417 -0.603994
424.016 -0.240967
424.616 0.586962
425.215 6.58217
425.815 29.2836
426.415 57.1866
427.014 32.4275
427.614 -20.4756
428.214 -61.1677
428.814 -77.1052
429.414 -65.7028
430.014 -27.9997
430.614 24.9199
431.215 56.1855
431.815 32.4538
432.415 8.57955
433.016 1.72926
433.616 0.66545
434.217 0.666777
434.818 0.8796
435.419 0.499492
436.019 -0.0536128
436.62 -0.117717
437.221 -0.37243
437.822 -0.278331
438.424 0.0824914
439.025 -0.127965
439.626 -0.0286578
440.227 -0.3862
440.829 -0.211949
441.43 0.0728363
442.032 -0.322255
442.634 0.458054
443.235 0.591024
443.837 0.103252
444.439 -0.360446
445.041 -0.691696
445.643 -0.456715
446.245 -0.828622
446.847 -0.495071
447.45 0.363337
448.052 0.403413
448.654 0.00907912
449.257 -0.281961
449.86 -0.444025
450.462 -0.31106
451.065 -0.193659
451.668 0.595069
452.271 1.2011
452.874 0.870979
453.477 0.192355
454.08 -0.384687
454.683 -0.955759
455.286 -0.629493
455.889 -0.0700575
456.493 -0.0194113
457.096 0.34502
457.7 0.362164
458.304 0.0210484
458.907 -0.164144
459.511 -0.0671376
460.115 0.3445
460.719 0.353008
461.323 -0.378602
461.927 -0.258164
462.531 -0.152071
463.135 -0.34566
463.74 -0.528247
464.344 -0.434755
464.949 -0.106924
465.553 0.250698
466.158 0.266374
466.763 0.760201
467.367 0.981801
467.972 0.642967
468.577 -0.193823
469.182 -0.782475
469.787 -0.719811
470.393 -0.387489
470.998 0.178944
471.603 0.81781
472.209 1.30723
472.814 1.87748
473.42 2.02467
474.025 1.91646
474.631 3.27441
475.237 4.81982
475.843 4.37578
476.449 2.37256
477.055 -0.369006
477.661 -2.60431
478.267 -4.91391
478.874 -5.85058
479.48 -4.29424
480.087 -2.75521
480.693 -2.59916
481.3 -2.50517
481.907 -1.9456
482.513 -1.70054
483.12 -2.88049
483.727 -2.88212
484.334 -1.75092
484.941 -0.0972291
485.548 1.2754
486.156 2.33762
486.763 2.95409
487.371 2.42177
487.978 1.22979
488.586 0.577339
489.193 0.456787
489.801 0.474176
490.409 0.402799
491.017 0.309736
491.625 0.0891412
492.233 0.10333
492.841 0.241715
493.449 -0.21342
494.058 0.0481329
494.666 0.511368
495.275 0.936496
495.883 1.16358
496.492 0.910861
497.101 0.178337
497.71 -0.0369682
498.319 -0.588705
498.928 -0.843751
499.537 -0.365331
500.146 0.260153
500.755 1.08568
501.364 0.796305
501.974 -0.120429
502.583 -0.628436
503.193 -0.86898
503.803 -0.419873
504.412 0.499287
505.022 0.789102
505.632 0.611338
506.242 -0.177619
506.852 -1.01731
507.462 -0.835875
508.073 -0.306741
508.683 0.237121
509.293 0.411018
509.904 0.0119479
510.515 -0.558927
511.125 -0.590998
511.736 -0.0805382
512.347 0.630209
512.958 1.10771
513.569 0.688054
514.18 -0.20984
514.791 -0.926063
515.402 -1.24623
516.014 -0.713415
516.625 0.132888
517.237 0.912334
517.848 1.46681
518.46 0.889386
519.072 -0.119978
519.684 -0.674149
520.296 -0.822597
520.908 -0.676539
521.52 0.0510381
522.132 0.370297
522.745 0.796644
523.357 1.21378
523.969 1.07134
524.582 0.605737
525.195 0.00736205
525.807 -0.173486
526.42 -0.0089031
527.033 0.0334745
527.646 1.39503
528.259 2.91715
528.872 4.1147
529.486 5.55416
530.099 6.13632
530.713 5.07545
531.326 9.22298
531.94 18.2054
532.553 19.0518
533.167 5.46132
533.781 -12.4879
534.395 -25.1509
535.009 -29.7138
535.623 -22.1084
536.238 18.0629
536.852 44.5897
537.466 18.1676
538.081 -23.2557
538.695 -51.8924
539.31 -59.9364
539.925 -45.429
540.54 -11.0865
541.155 33.6975
541.77 41.1583
542.385 16.9259
543 4.4528
543.615 -0.704535
544.231 -1.72281
544.846 1.21085
545.462 4.53993
546.078 5.81419
546.693 4.03387
547.309 2.24644
547.925 1.88882
548.541 1.65665
549.157 1.2628
549.773 0.668249
550.39 0.322012
551.006 0.370152
551.623 0.364274
552.239 1.14192
552.856 1.26126
553.473 0.80769
554.089 -0.147691
554.706 -0.780335
555.323 -0.539715
555.941 -0.183829
556.558 0.37075
557.175 1.06074
557.793 0.601421
558.41 -0.438677
559.028 -1.15271
559.645 -0.957776
560.263 0.0403707
560.881 0.620032
561.499 0.739135
562.117 0.645007
562.735 -0.115842
563.353 -0.810863
563.972 -0.743122
564.59 -0.150889
565.208 0.95705
565.827 0.978865
566.446 1.05897
567.065 4.55423
567.683 6.55989
568.302 2.36335
568.921 -1.43256
569.541 -1.24417
570.16 -3.34922
570.779 -6.07581
571.399 -6.34717
572.018 -2.68814
572.638 -0.280072
573.258 -0.427142
573.877 2.92524
574.497 6.35183
575.117 3.49845
575.737 -0.205136
576.358 -3.20983
576.978 -3.61037
577.598 -0.657624
578.219 1.45135
578.839 1.27491
579.46 -0.938658
580.081 -2.6644
580.702 -3.52003
581.323 -2.47909
581.944 0.268095
582.565 3.68275
583.186 4.87923
583.807 3.66114
584.429 0.802266
585.05 -1.64982
585.672 -3.75205
586.294 -3.80314
586.915 -2.53849
587.537 -0.428001
588.159 1.94686
588.781 3.32256
589.404 2.72939
590.026 1.19597
590.648 -0.0790736
591.271 -1.13924
591.893 -1.86578
592.516 -1.79908
593.139 -1.30663
593.762 -0.280861
594.385 0.487385
595.008 1.28582
595.631 1.84967
596.254 1.27641
596.878 1.01849
597.501 0.867701
598.125 0.580878
598.748 0.50454
599.372 1.03223
599.996 2.06193
600.62 5.96309
601.244 14.1534
601.868 25.6032
602.492 19.0985
603.117 -3.08804
603.741 -22.9156
604.366 -33.4592
604.99 -33.73
605.615 -23.2966
606.24 -5.31878
606.865 10.5421
607.49 8.60145
608.115 2.76891
608.74 3.93538
609.365 6.52282
609.991 6.80958
610.616 5.27744
611.242 3.74262
611.868 2.43429
612.494 1.22434
613.119 -0.0517773
613.745 -0.724356
614.372 -0.536225
614.998 -0.0384545
615.624 0.4018
616.251 0.728616
616.877 0.332787
617.504 -0.651396
618.13 -1.51738
618.757 -1.29859
619.384 -0.576618
620.011 0.198258
620.638 1.03218
621.266 2.56724
621.893 2.44767
622.52 0.107074
623.148 -2.39274
623.776 -3.52423
624.403 -3.73458
625.031 -2.58477
625.659 -0.0412094
626.287 2.35015
626.915 2.89937
627.543 1.6988
628.172 0.546738
628.8 0.272123
629.429 0.127808
630.057 -0.134006
630.686 0.13682
631.315 0.264449
631.944 0.501343
632.573 0.369056
633.202 0.126292
633.832 -0.157422
634.461 -0.282059
635.09 -0.474487
635.72 -0.482578
636.35 0.0386239
636.979 0.339926
637.609 0.153004
638.239 0.235047
638.869 -0.139423
639.5 -0.281741
640.13 -0.190174
640.76 0.416367
641.391 1.67786
642.021 1.03901
642.652 -0.185198
643.283 -0.849174
643.914 -1.41109
644.545 -1.59096
645.176 -0.699066
645.807 0.57879
646.439 1.11971
647.07 0.726864
647.702 0.48649
648.333 0.13126
648.965 -0.42978
649.597 -0.850598
650.229 -0.453656
650.861 0.0339506
651.493 0.172057
652.125 0.546694
652.758 0.536152
653.39 0.139006
654.023 0.17241
654.656 0.082557
655.289 0.206438
655.921 -0.130024
656.554 -0.673509
657.188 -1.04028
657.821 -0.9506
658.454 -0.383858
659.088 0.498533
659.721 0.590147
660.355 0.615409
660.989 0.585643
661.623 0.271947
662.257 -0.165618
662.891 -0.209861
663.525 0.141328
664.159 0.130588
664.794 -0.365132
665.428 -0.319216
666.063 0.0693608
666.697 -0.128399
667.332 -0.273002
667.967 -0.0559276
668.602 0.498864
669.237 0.478056
669.873 0.384306
670.508 0.405311
671.144 0.139534
671.779 -0.693133
672.415 -0.613805
673.051 -0.193211
673.687 0.183515
674.323 0.108718
674.959 -0.00921572
675.595 -0.296904
676.231 -0.189542
676.868 0.21344
677.504 0.755634
678.141 0.900993
678.778 0.789098
679.415 0.374206
680.052 -0.390865
680.689 -0.770829
681.326 -1.05672
681.964 -0.802041
682.601 -0.583781
683.239 -0.244815
683.876 -0.187584
684.514 0.286561
685.152 0.782176
685.79 0.85086
686.428 0.271946
687.066 0.332685
687.705 0.204445
688.343 -0.239486
688.982 -0.523818
689.62 -0.275368
690.259 0.0321043
690.898 -0.322658
691.537 -0.371574
692.176 0.23004
692.815 0.325487
693.455 0.256351
694.094 0.174884
694.734 0.0493698
695.373 -0.164998
696.013 -0.715269
696.653 -0.486754
697.293 -0.0233176
697.933 0.896465
698.573 1.76084
699.214 1.46318
699.854 0.901204
700.495 0.184216
701.135 -1.16283
701.776 -2.04121
702.417 -2.30255
703.058 -1.08387
703.699 0.12064
704.34 0.749791
704.982 0.837577
705.623 0.619613
706.265 -0.461659
706.906 -0.952612
707.548 -0.624607
708.19 -0.00898282
708.832 0.51124
709.474 0.65094
710.117 0.0282572
710.759 -0.132
711.402 0.103946
712.044 0.284987
712.687 0.288688
713.33 0.129331
713.973 0.338744
714.616 0.327304
715.259 -0.259296
715.902 -0.465694
716.545 -0.0727512
717.189 -0.107888
717.833 0.122167
718.476 0.0750348
719.12 0.412546
719.764 0.434264
720.408 0.152699
721.052 -0.203391
721.697 -0.367014
722.341 -0.122006
722.986 -0.259483
723.63 -0.108121
724.275 0.318135
724.92 0.515117
725.565 0.456342
726.21 -0.282005
726.856 -0.715834
727.501 -0.570853
728.146 -0.360219
728.792 0.301244
729.438 0.212325
730.083 0.501185
730.729 0.682621
731.375 0.0370806
732.022 -0.566228
732.668 -0.349778
733.314 0.12884
733.961 0.00487472
734.608 -0.276709
735.254 -0.138933
735.901 0.0112282
736.548 -0.0847758
737.195 0.0589415
737.842 0.0298182
738.49 -0.00245159
739.137 0.198451
739.785 0.111017
740.433 -0.0375011
741.08 0.410585
741.728 0.460806
742.376 0.123321
743.025 -0.0692229
743.673 -0.282504
744.321 -0.299694
744.97 -0.44999
745.618 -0.31772
746.267 0.268629
746.916 0.277739
747.565 0.382414
748.214 0.207634
748.863 -0.26325
749.513 -0.149687
750.162 0.249417
750.812 -0.22734
751.462 -0.157361
752.111 -0.349417
752.761 -0.483061
753.411 -0.969456
754.062 -0.284872
754.712 0.640165
755.362 1.33579
756.013 1.01229
756.664 0.897945
757.314 0.0573605
757.965 -0.79256
758.616 -1.16659
759.268 -1.01343
759.919 -0.307897
760.57 0.43219
761.222 0.46128
761.873 0.482274
762.525 0.425221
763.177 0.125729
763.829 0.0896692
764.481 -0.355097
765.133 -0.125739
765.786 -0.0153168
766.438 -0.095171
767.091 0.179344
767.744 -0.197477
768.396 -0.0157291
769.049 0.244474
769.702 -0.238124
770.356 -0.159054
771.009 -0.112649
771.662 0.000328576
772.316 -0.0811099
772.97 -0.431273
773.624 0.144069
774.278 0.0909045
774.932 -0.00389271
775.586 0.364872
776.24 0.345849
776.895 0.548622
777.549 0.314413
778.204 0.0986968
778.859 -0.202316
779.514 -0.210667
780.169 -0.100284
780.824 -0.574119
781.479 -0.57639
782.135 -0.318757
782.79 -0.212866
783.446 0.245709
784.102 0.353629
784.758 0.521078
785.414 0.549136
786.07 -0.00155432
786.726 -0.0723932
787.382 -0.125342
788.039 0.124043
788.696 0.43999
789.353 -0.134419
790.009 -0.290987
790.666 -0.361325
791.324 -0.132239
791.981 0.217688
792.638 -0.138937
793.296 -0.370645
793.954 -0.0450442
794.611 -0.165035
795.269 -0.263845
795.927 -0.543067
796.586 0.359568
797.244 0.497249
797.902 -0.0200981
798.561 0.36709
799.219 0.739291
799.878 0.0987459
800.537 -0.633552
801.196 -1.05569
801.855 0.0741807
802.515 0.4398
803.174 0.645282
803.834 0.747043
804.493 0.412847
805.153 -0.275843
805.813 -0.343873
806.473 -0.794897
807.133 -0.151147
807.794 0.0199298
808.454 -0.152333
809.115 -0.329366
809.776 -0.290153
810.436 -0.225163
811.097 0.297957
811.758 0.0159665
812.42 0.689845
813.081 1.09433
813.742 0.591508
814.404 -0.243712
815.066 -0.680294
815.728 -0.721782
816.39 -0.382108
817.052 0.189743
817.714 0.817836
818.376 0.35939
819.039 -0.0767249
819.701 -1.07383
820.364 -1.07939
821.027 -0.297556
821.69 0.370487
822.353 1.04566
823.017 1.02912
823.68 0.372319
824.343 0.069917
825.007 -0.549985
825.671 -0.534993
826.335 -0.348247
826.999 -0.610176
827.663 -0.355631
828.327 0.147746
828.992 0.186681
829.656 -0.0285452
830.321 0.361631
830.986 0.601651
831.651 0.50468
832.316 0.515591
832.981 0.00605586
833.647 -0.38852
834.312 -0.527374
834.978 -0.610063
835.643 0.0148028
836.309 0.552343
836.975 0.581085
837.641 0.301141
838.308 -0.336183
838.974 -0.393711
839.641 -0.203996
840.307 -0.127256
840.974 -0.265694
841.641 -0.218926
842.308 -0.0743896
842.975 -0.138833
843.643 0.197834
844.31 0.0123516
844.978 0.357156
845.645 0.65735
846.313 0.532394
846.981 0.00363587
847.649 -0.564385
848.318 -0.914207
848.986 -0.716966
849.654 -0.456515
850.323 0.442125
850.992 0.719442
851.661 0.458485
852.33 -0.341711
852.999 -0.25446
853.668 0.0850116
854.338 0.56789
855.007 0.63674
855.677 0.289258
856.347 -0.179262
857.017 -0.447249
857.687 -0.742663
858.357 -0.298675
859.028 0.0051061
859.698 0.573101
860.369 0.102229
861.04 -0.318015
861.711 -0.100148
862.382 0.0880747
863.053 0.00503737
863.724 0.0296392
864.396 0.0992596
865.067 0.168723
865.739 -0.185358
866.411 -0.2073
867.083 0.202888
867.755 0.750381
868.427 0.743027
869.1 0.156434
869.772 -0.411508
870.445 -0.758432
871.118 -1.21372
871.791 -1.12773
872.464 -0.0168078
873.137 0.920916
873.81 1.35915
874.484 1.12824
875.157 0.321212
875.831 -0.250639
876.505 -0.515873
877.179 -0.491052
877.853 -0.231089
878.528 -0.631274
879.202 -0.456032
879.877 -0.445218
880.551 -0.0133347
881.226 0.608208
881.901 0.88285
882.576 1.02901
883.252 0.736364
883.927 0.0356894
884.603 -0.285723
885.278 -0.593612
885.954 -0.434506
886.63 -0.778949
887.306 -0.515454
887.982 0.16679
888.659 0.178895
889.335 -0.170019
890.012 -0.0788502
890.689 -0.168961
891.366 -0.0357908
892.043 0.105933
892.72 0.795344
893.397 0.402014
894.075 -0.19332
894.752 -0.408768
895.43 0.0643608
896.108 0.00307526
896.786 0.076679
897.464 0.23141
898.143 0.21091
898.821 -0.526728
899.5 -0.458702
900.178 -0.0479571
900.857 0.402095
901.536 0.428078
902.216 -0.0292725
902.895 -0.445312
903.574 -0.247871
904.254 -0.295758
904.934 0.116381
905.613 0.588542
906.293 0.942001
906.974 0.467616
907.654 -0.317463
908.334 -0.617122
909.015 -0.335979
909.696 0.032181
910.376 -0.0019244
911.057 0.0584955
911.738 0.294298
912.42 -0.191315
913.101 -0.475643
913.783 -0.384649
914.464 -0.115091
915.146 0.0531708
915.828 -0.149703
916.51 0.216403
917.193 0.262022
917.875 -0.132794
918.558 -0.370195
919.24 -0.205356
919.923 0.415562
920.606 0.469548
921.289 0.554055
921.972 0.428058
922.656 -0.0766965
923.339 -0.260611
924.023 -0.337993
924.707 -0.230256
925.391 0.355819
926.075 0.108898
926.759 -0.175726
927.444 -0.275536
928.128 -0.291505
928.813 -0.108124
929.498 -0.0563876
930.183 0.319284
930.868 0.479701
931.553 0.263575
932.238 -0.285196
932.924 5.19134
933.61 5.49439
934.295 1.18145
934.981 7.62336
