180.948 5.13788
181.525 5.24091
182.103 5.45032
182.68 5.67691
183.258 5.38409
183.835 4.88957
184.413 4.43609
184.99 3.85055
185.568 3.43924
186.146 3.04452
186.723 2.50592
187.301 1.93232
187.879 1.64551
188.457 1.4491
189.035 1.20295
189.613 1.00837
190.191 0.667913
190.769 0.284287
191.347 -0.0400672
191.925 -0.374877
192.503 -0.127618
193.081 0.368687
193.659 0.829542
194.237 1.45365
194.815 1.94464
195.394 2.45174
195.972 3.1333
196.55 3.88253
197.129 3.8158
197.707 3.45205
198.286 3.19494
198.864 2.75761
199.443 3.6576
200.021 5.05344
200.6 6.20592
201.178 7.62883
201.757 2.829
202.336 -4.51764
202.915 0.10883
203.493 7.97744
204.072 5.90502
204.651 2.38987
205.23 2.75464
205.809 3.04157
206.388 2.70323
206.967 2.47321
207.546 2.2204
208.125 1.94244
208.704 1.64828
209.283 1.33302
209.863 0.992255
210.442 0.62903
211.021 1.25427
211.6 2.28687
212.18 3.2534
212.759 4.48739
213.339 5.45284
213.918 6.42237
214.498 7.6798
215.077 9.03322
215.657 8.65164
216.237 7.6073
216.816 6.7394
217.396 5.45229
217.976 4.76306
218.556 4.15045
219.135 3.07951
219.715 1.91277
220.295 2.05748
220.875 2.66677
221.455 3.11672
222.035 3.85543
222.615 4.04775
223.195 4.12602
223.776 4.52552
224.356 4.95039
224.936 4.97958
225.516 4.88631
226.097 4.83892
226.677 4.71177
227.258 4.80133
227.838 4.95058
228.419 5.00829
228.999 5.07796
229.58 4.64869
230.16 4.00304
230.741 3.39056
231.322 2.63796
231.902 2.93912
232.483 3.6265
233.064 4.12366
233.645 4.83245
234.226 0.416578
234.807 -6.1008
235.388 -1.57963
235.969 6.11097
236.55 4.39654
237.131 1.33439
237.712 2.04637
238.294 2.73678
238.875 2.70692
239.456 2.7601
240.038 2.85202
240.619 2.92305
241.2 3.11347
241.782 3.34899
242.364 3.55807
242.945 3.78968
243.527 4.03787
244.108 4.30088
244.69 4.58628
245.272 4.8899
245.854 5.20273
246.436 5.53039
247.017 5.87669
247.599 6.23885
248.181 6.07253
248.763 5.69073
249.345 5.34829
249.928 4.86565
250.51 4.53173
251.092 4.19955
251.674 3.71616
252.257 3.18499
252.839 3.57753
253.421 4.3247
254.004 4.98138
254.586 5.86356
255.169 6.43118
255.751 6.96104
256.334 7.73717
256.917 8.56708
257.499 8.15892
258.082 7.27524
258.665 6.50257
259.248 5.42321
259.831 4.76896
260.414 4.16364
260.997 3.22338
261.58 2.20856
262.163 2.0018
262.746 2.06846
263.329 2.02043
263.912 2.13728
264.496 1.88701
265.079 1.54564
265.662 1.38989
266.246 1.23155
266.829 1.23862
267.413 1.33453
267.996 1.4221
268.58 1.56527
269.163 1.72186
269.747 1.90933
270.331 2.15371
270.915 2.4382
271.499 2.38982
272.082 2.22463
272.666 2.11576
273.25 1.94087
273.835 1.9016
274.419 1.89506
275.003 1.81478
275.587 1.73282
276.171 1.72774
276.755 1.74678
277.34 1.76018
277.924 1.79062
278.509 1.7786
279.093 1.75591
279.678 1.75264
280.262 1.74814
280.847 1.92505
281.432 2.18063
282.016 2.42727
282.601 2.72617
283.186 2.98578
283.771 3.25222
284.356 3.57439
284.941 3.91931
285.526 4.00265
286.111 3.99125
286.696 4.01512
287.281 3.98191
287.867 4.05034
288.452 4.13901
289.037 4.16449
289.623 4.18332
290.208 4.15545
290.794 4.09789
291.379 4.03497
291.965 3.95091
292.55 3.85287
293.136 3.73841
293.722 3.60263
294.308 3.4486
294.894 3.44467
295.48 3.4938
296.066 3.51739
296.652 3.57088
297.238 3.56437
297.824 3.54363
298.41 3.55622
298.996 3.56998
299.582 3.66406
300.169 3.7964
300.755 3.92674
301.342 4.08267
301.928 4.23026
302.515 4.38607
303.101 4.56872
303.688 4.76575
304.275 4.7302
304.861 4.60525
305.448 4.50544
306.035 4.34982
306.622 4.27222
307.209 4.20434
307.796 4.0755
308.383 3.93355
308.97 3.74099
309.558 3.5143
310.145 3.27572
310.732 3.01073
311.32 2.72729
311.907 2.42235
312.494 2.09079
313.082 1.73586
313.67 1.91842
314.257 2.31593
314.845 2.66586
315.433 3.1532
316.02 3.48017
316.608 3.79826
317.196 4.26512
317.784 4.77414
318.372 4.18542
318.96 3.16512
319.548 2.23698
320.137 1.02956
320.725 0.172888
321.313 -0.65566
321.902 -1.78769
322.49 -2.99853
323.079 -2.59051
323.667 -1.56273
324.256 -0.688745
324.844 0.581647
325.433 1.29378
326.022 1.93784
326.611 3.0151
327.199 4.18568
327.788 4.00158
328.377 3.33067
328.966 2.81821
329.556 2.0016
330.145 1.73195
330.734 1.56927
331.323 1.06942
331.913 0.534149
332.502 0.64499
333.091 0.978449
333.681 1.24471
334.27 1.65511
334.86 1.77382
335.45 1.82885
336.04 2.04513
336.629 2.2693
337.219 2.18532
337.809 1.99099
338.399 1.81939
338.989 1.57313
339.579 1.45763
340.169 1.3652
340.76 1.19002
341.35 1.00428
341.94 0.923935
342.531 0.874723
343.121 0.809382
343.712 0.762928
344.302 0.656027
344.893 0.53055
345.483 0.427101
346.074 0.317921
346.665 0.492833
347.256 0.788271
347.847 1.0657
348.438 1.42203
349.029 1.71072
349.62 2.00569
350.211 2.3851
350.802 2.79624
351.394 2.8889
351.985 2.86986
352.576 2.89805
353.168 2.86027
353.76 2.95503
354.351 3.08028
354.943 3.13189
355.535 3.18049
356.126 12.3767
356.718 25.4559
357.31 38.1371
357.902 53.4371
358.494 46.6559
359.086 31.6644
359.678 20.3327
360.271 4.37264
360.863 3.04199
361.455 6.15474
362.048 3.87463
362.64 2.93122
363.233 1.88471
363.825 0.849681
364.418 1.15994
365.011 2.03708
365.603 1.69606
366.196 1.24483
366.789 1.44362
367.382 1.73836
367.975 3.2676
368.568 5.43591
369.161 7.65547
369.755 10.327
370.348 9.92022
370.941 8.42079
371.535 7.5224
372.128 6.04178
372.722 5.74846
373.315 5.75115
373.909 5.10471
374.503 4.4465
375.096 4.44097
375.69 4.63891
376.284 4.79137
376.878 5.08893
377.472 5.02138
378.066 4.86167
378.661 4.86755
379.255 4.86203
379.849 4.81183
380.444 4.75481
381.038 4.68924
381.633 4.6121
382.227 4.58502
382.822 4.5729
383.417 4.54658
384.011 4.52654
384.606 4.54617
385.201 4.58412
385.796 4.62674
386.391 4.68413
386.986 4.73352
387.581 4.78692
388.177 4.856
388.772 4.93278
389.367 4.64801
389.963 4.21468
390.558 3.80504
391.154 3.29758
391.75 4.68287
392.345 6.83021
392.941 8.79485
393.537 11.2393
394.133 11.7306
394.729 11.5962
395.325 17.7481
395.921 26.0747
396.517 85.5856
397.113 202.833
397.71 282.02
398.306 152.379
398.903 48.1695
399.499 32.065
400.096 35.1781
400.692 47.4762
401.289 30.3389
401.886 7.01614
402.483 11.1304
403.08 20.9036
403.677 16.4325
404.274 11.4577
404.871 13.1729
405.468 15.9904
406.065 16.8032
406.663 17.9878
407.26 20.453
407.858 23.4252
408.455 23.8947
409.053 23.6724
409.65 24.0929
410.248 24.1978
410.846 25.7728
411.444 27.8934
412.042 29.6289
412.64 31.612
413.238 33.2009
413.836 34.6971
414.435 36.4636
415.033 38.2599
415.631 40.2686
416.23 42.4103
416.828 44.5759
417.427 46.8365
418.026 47.4748
418.624 47.4699
419.223 47.6335
419.822 47.3955
420.421 51.458
421.02 57.18
421.619 62.3023
422.218 68.4024
422.818 70.75
423.417 71.8957
424.016 74.2106
424.616 76.0625
425.215 76.0943
425.815 75.2585
426.415 81.8622
427.014 91.0321
427.614 191.798
428.214 541.484
428.814 951.26
429.414 608.749
430.014 229.322
430.614 116.963
431.215 96.4691
431.815 94.8077
432.415 86.0052
433.016 92.7167
433.616 89.0554
434.217 87.4943
434.818 87.8172
435.419 88.8276
436.019 91.8485
436.62 96.2466
437.221 96.8186
437.822 96.6208
438.424 98.0296
439.025 99.3561
439.626 99.9817
440.227 100.441
440.829 100.857
441.43 101.104
442.032 101.91
442.634 102.869
443.235 103.628
443.837 104.433
444.439 104.929
445.041 105.294
445.643 105.718
446.245 106.074
446.847 105.255
447.45 103.912
448.052 102.548
448.654 100.805
449.257 99.2992
449.86 97.7151
450.462 95.7281
451.065 93.558
451.668 93.0226
452.271 93.0543
452.874 92.8227
453.477 92.9179
454.08 92.3229
454.683 91.5596
455.286 91.1622
455.889 90.7685
456.493 90.1383
457.096 89.4479
457.7 88.7746
458.304 88.0552
458.907 87.507
459.511 87.0119
460.115 86.462
460.719 85.9317
461.323 84.786
461.927 83.3818
462.531 82.0241
463.135 80.4999
463.74 79.1269
464.344 77.745
464.949 76.1847
465.553 74.5603
466.158 73.7536
466.763 73.2458
467.367 72.6351
467.972 72.2073
468.577 71.467
469.182 70.6686
469.787 70.0722
470.393 69.5013
470.998 68.091
471.603 66.3569
472.209 64.687
472.814 62.8039
473.42 66.7882
474.025 73.176
474.631 79.0905
475.237 86.5512
475.843 98.4317
476.449 112.867
477.055 145.665
477.661 187.942
478.267 196.601
478.874 197.341
479.48 209.489
480.087 219.22
480.693 218.801
481.3 214.139
481.907 207.504
482.513 196.966
483.12 189.484
483.727 181.265
484.334 171.767
484.941 161.703
485.548 127.386
486.156 114.831
486.763 103.716
487.371 100.844
487.978 91.5273
488.586 83.483
489.193 80.6659
489.801 79.9868
490.409 75.0797
491.017 69.929
491.625 67.2154
492.233 64.977
492.841 61.266
493.449 57.4092
494.058 54.1271
494.666 50.8652
495.275 49.5833
495.883 49.2141
496.492 48.7851
497.101 48.9681
497.71 48.8633
498.319 48.9164
498.928 49.615
499.537 50.6318
500.146 50.2265
500.755 49.4336
501.364 49.0364
501.974 48.4755
502.583 48.7535
503.193 49.3535
503.803 49.751
504.412 50.302
505.022 49.9707
505.632 49.3146
506.242 48.8539
506.852 48.2306
507.462 47.9047
508.073 47.6499
508.683 47.2155
509.293 46.7695
509.904 46.0313
510.515 45.1444
511.125 44.2566
511.736 43.2678
512.347 41.3238
512.958 38.9261
513.569 36.4649
514.18 33.6629
514.791 37.1894
515.402 43.2421
516.014 37.9363
516.625 29.6515
517.237 30.4165
517.848 32.4334
518.46 30.8861
519.072 29.3671
519.684 28.8357
520.296 28.3605
520.908 27.8437
521.52 27.4401
522.132 26.9366
522.745 26.4392
523.357 26.063
523.969 25.7307
524.582 27.1296
525.195 29.2987
525.807 31.4394
526.42 34.1122
527.033 35.8559
527.646 37.4505
528.259 39.6358
528.872 41.9042
529.486 56.5315
530.099 76.519
530.713 94.7208
531.326 115.983
531.94 154.519
532.553 201.649
533.167 221.857
533.781 351.113
534.395 538.956
535.009 595.74
535.623 513.888
536.238 445.291
536.852 434.136
537.466 438.954
538.081 493.226
538.695 878.123
539.31 962.804
539.925 588.673
540.54 395.404
541.155 300.126
541.77 220.768
542.385 213.256
543 209.73
543.615 199.77
544.231 162.882
544.846 111.945
545.462 92.3082
546.078 76.5546
546.693 60.0964
547.309 48.4723
547.925 41.147
548.541 37.8416
549.157 30.8429
549.773 24.6118
550.39 22.7353
551.006 22.6803
551.623 19.7058
552.239 16.8037
552.856 15.9476
553.473 15.6869
554.089 14.1412
554.706 12.5443
555.323 11.6354
555.941 10.8592
556.558 11.5718
557.175 13.053
557.793 14.6129
558.41 16.7239
559.028 16.0444
559.645 14.4442
560.263 13.5356
560.881 12.1942
561.499 12.0721
562.117 12.3391
562.735 12.1112
563.353 11.9842
563.972 11.3132
564.59 10.4057
565.208 9.62214
565.827 8.72286
566.446 7.83109
567.065 6.90141
567.683 11.3826
568.302 18.1492
568.921 24.3465
569.541 81.8035
570.16 112.532
570.779 64.8986
571.399 61.9796
572.018 113.527
572.638 88.6244
573.258 61.4511
573.877 53.0607
574.497 43.5031
575.117 54.3156
575.737 75.2375
576.358 79.6033
576.978 83.8187
577.598 79.7993
578.219 70.4523
578.839 67.3056
579.46 63.4286
580.081 88.8121
580.702 89.1377
581.323 75.908
581.944 48.2664
582.565 43.4841
583.186 40.2394
583.807 41.6414
584.429 48.1616
585.05 56.2549
585.672 67.9079
586.294 65.2081
586.915 58.2359
587.537 45.1437
588.159 25.9255
588.781 28.4952
589.404 36.8169
590.026 37.8091
590.648 40.6851
591.271 39.4925
591.893 36.6752
592.516 35.9253
593.139 34.8629
593.762 30.807
594.385 25.5499
595.008 20.1149
595.631 13.7242
596.254 14.0541
596.878 16.7768
597.501 18.2191
598.125 20.9496
598.748 23.4152
599.372 26.2362
599.996 29.8689
600.62 33.9854
601.244 42.3506
601.868 52.8364
602.492 72.7035
603.117 142.64
603.741 283.651
604.366 479.36
604.99 414.443
605.615 271.789
606.24 219.533
606.865 204.485
607.49 175.154
608.115 124.931
608.74 101.176
609.365 77.381
609.991 59.1222
610.616 46.003
611.242 39.395
611.868 38.5523
612.494 42.793
613.119 52.5879
613.745 49.6589
614.372 44.457
614.998 45.5936
615.624 47.0147
616.251 48.2115
616.877 50.1173
617.504 52.3777
618.13 55.0975
618.757 52.4794
619.384 47.843
620.011 43.915
620.638 38.7775
621.266 40.0091
621.893 43.4591
622.52 45.3878
623.148 48.3833
623.776 55.8157
624.403 65.4746
625.031 50.2438
625.659 25.9357
626.287 20.7284
626.915 16.7591
627.543 15.0943
628.172 17.0129
628.8 14.0745
629.429 10.9927
630.057 11.848
630.686 13.7969
631.315 13.0869
631.944 12.1748
632.573 12.5409
633.202 13.0745
633.832 12.3039
634.461 11.1921
635.09 10.3203
635.72 9.25261
636.35 8.89561
636.979 8.77463
637.609 8.42215
638.239 8.15703
638.869 9.37407
639.5 11.2382
640.13 13.127
640.76 15.4865
641.391 10.895
642.021 3.56902
642.652 9.72144
643.283 19.5914
643.914 17.2004
644.545 12.7616
645.176 12.8069
645.807 12.5022
646.439 12.002
647.07 11.7295
647.702 11.1388
648.333 10.4987
648.965 10.4167
649.597 10.5153
650.229 10.5361
650.861 10.6677
651.493 10.5214
652.125 10.3005
652.758 10.2056
653.39 10.0998
654.023 10.0281
654.656 9.9791
655.289 9.91847
655.921 9.86714
656.554 9.83539
657.188 9.8151
657.821 9.8035
658.454 9.80305
659.088 9.3084
659.721 8.60961
660.355 7.94373
660.989 7.14387
661.623 6.47696
662.257 5.80732
662.891 4.99351
663.525 4.13115
664.159 3.84361
664.794 3.76264
665.428 3.60549
666.063 3.57359
666.697 3.31314
667.332 3.00607
667.967 2.8379
668.602 2.68279
669.237 2.71474
669.873 2.84712
670.508 2.98605
671.144 3.19464
671.779 3.41203
672.415 3.66651
673.051 3.99277
673.687 4.36788
674.323 4.19156
674.959 3.8111
675.595 3.50555
676.231 3.07783
676.868 2.85145
677.504 2.66142
678.141 2.33683
678.778 1.99334
679.415 3.97347
680.052 6.91919
680.689 9.74409
681.326 13.2161
681.964 12.0418
682.601 9.18089
683.239 7.18925
683.876 4.28514
684.514 4.87661
685.152 6.61988
685.79 7.27478
686.428 8.37648
687.066 8.03399
687.705 7.17113
688.343 6.82439
688.982 6.3005
689.62 6.4721
690.259 6.91127
690.898 7.14115
691.537 7.48102
692.176 7.64116
692.815 7.7542
693.455 7.98718
694.094 8.23008
694.734 7.96523
695.373 7.50169
696.013 7.07128
696.653 6.50808
697.293 6.11353
697.933 5.73202
698.573 5.20605
699.214 4.64258
699.854 8.73998
700.495 14.7877
701.135 20.5945
701.776 27.7062
702.417 26.0899
703.058 21.3459
703.699 18.3272
704.34 13.6526
704.982 13.8939
705.623 15.6335
706.265 15.4609
706.906 15.6974
707.548 13.7039
708.19 10.7508
708.832 8.30204
709.474 5.38208
710.117 4.83634
710.759 5.13341
711.402 4.84433
712.044 4.95221
712.687 4.19302
713.33 3.18886
713.973 2.62833
714.616 2.04996
715.259 1.79894
715.902 1.72581
716.545 1.62363
717.189 1.62711
717.833 1.66819
718.476 1.77171
719.12 1.98275
719.764 2.27279
720.408 2.39606
721.052 2.49678
721.697 2.68731
722.341 2.88783
722.986 3.23555
723.63 3.66009
724.275 4.08934
724.92 4.57218
725.565 4.50233
726.21 4.22293
726.856 4.02288
727.501 3.69986
728.146 3.56271
728.792 3.45543
729.438 3.21349
730.083 2.94791
730.729 3.05087
731.375 3.2853
732.022 3.47832
732.668 3.75436
733.314 3.87818
733.961 3.97175
734.608 4.15749
735.254 4.35216
735.901 4.03257
736.548 3.50812
737.195 3.01582
737.842 2.38673
738.49 1.91854
739.137 1.45812
739.785 0.849423
740.433 0.198317
741.08 0.395908
741.728 0.91904
742.376 1.3605
743.025 2.00963
743.673 2.36832
744.321 2.6921
744.97 3.24272
745.618 3.84276
746.267 4.08055
746.916 4.21139
747.565 4.4108
748.214 4.55091
748.863 4.89375
749.513 5.30234
750.162 5.64134
750.812 6.003
751.462 5.35693
752.111 4.28532
752.761 3.28007
753.411 1.99694
754.062 0.958533
754.712 -0.0989344
755.362 -1.45408
756.013 -2.91892
756.664 -1.38024
757.314 1.3535
757.965 3.84183
758.616 7.10381
759.268 5.84654
759.919 3.0029
760.57 1.15301
761.222 -1.49598
761.873 -0.922126
762.525 0.753803
763.177 1.47147
763.829 2.63911
764.481 2.57294
765.133 2.09117
765.786 2.12079
766.438 2.04259
767.091 2.13246
767.744 2.29747
768.396 2.34769
769.049 2.40208
769.702 2.46848
770.356 2.52979
771.009 2.59399
771.662 2.65829
772.316 2.37514
772.97 1.94451
773.624 1.529
774.278 1.01403
774.932 0.584283
775.586 0.145796
776.24 -0.399213
776.895 -0.98462
777.549 -0.652343
778.204 0.040195
778.859 0.650502
779.514 1.49182
780.169 2.04045
780.824 2.56409
781.479 3.33883
782.135 4.17771
782.79 4.01751
783.446 3.48884
784.102 3.07164
784.758 2.42341
785.414 2.15354
786.07 1.9482
786.726 1.48827
787.382 0.990327
788.039 1.48869
788.696 2.36622
789.353 3.1594
790.009 4.19987
790.666 4.88618
791.324 5.52875
791.981 6.44191
792.638 7.4122
793.296 7.09507
793.954 6.28557
794.611 5.59287
795.269 4.58282
795.927 4.02034
796.586 3.51195
797.244 2.65667
797.902 1.72653
798.561 1.59662
799.219 1.73538
799.878 1.7594
800.537 1.94523
801.196 1.76196
801.855 1.48531
802.515 1.39117
803.174 1.29185
803.834 1.59267
804.493 2.08065
805.153 2.54745
805.813 3.13532
806.473 3.67632
807.133 4.25186
807.794 4.95457
808.454 5.72263
809.115 5.39477
809.776 4.6447
810.436 4.01053
811.097 3.11176
811.758 2.5786
812.42 2.08928
813.081 1.31122
813.742 0.469563
814.404 0.799759
815.066 1.5682
815.728 2.21798
816.39 3.14673
817.052 3.64439
817.714 4.07677
818.376 4.81558
819.039 5.60853
819.701 5.54116
820.364 5.16554
821.027 4.88551
821.69 4.41059
822.353 4.28767
823.017 4.23332
823.68 3.96281
824.343 3.66974
825.007 3.44878
825.671 3.22504
826.335 2.97311
826.999 2.71552
827.663 2.35403
828.327 1.94269
828.992 1.52974
829.656 1.08176
830.321 1.17505
830.986 1.48206
831.651 1.72944
832.316 2.10892
832.981 2.32368
833.647 2.52393
834.312 2.86756
834.978 3.24795
835.643 3.55535
836.309 3.8641
836.975 4.21519
837.641 4.57721
838.308 5.03476
838.974 5.54256
839.641 6.05788
840.307 6.61007
840.974 6.56305
841.641 6.27913
842.308 6.05928
842.975 5.69222
843.643 5.50743
844.31 5.33799
844.978 5.00883
845.645 4.6382
846.313 4.46713
846.981 4.34462
847.649 4.16931
848.318 4.01542
848.986 3.72596
849.654 3.38325
850.323 3.06814
850.992 2.72548
851.661 2.60933
852.33 2.57956
852.999 2.51172
853.668 2.49215
854.338 2.40004
855.007 2.29564
855.677 2.24404
856.347 2.20145
857.017 2.1488
857.687 2.10167
858.357 2.06475
859.028 2.03368
859.698 2.02948
860.369 2.04052
861.04 2.05656
861.711 2.08472
862.382 1.93799
863.053 1.72305
863.724 1.52823
864.396 1.29149
865.067 1.11007
865.739 0.934678
866.411 0.713665
867.083 0.481922
867.755 0.465342
868.427 0.530453
869.1 0.574818
869.772 0.671421
870.445 0.691992
871.118 0.702494
871.791 0.770184
872.464 0.849438
873.137 1.0355
873.81 1.27848
874.484 1.52928
875.157 1.82139
875.831 2.11572
876.505 2.43119
877.179 2.78939
877.853 3.17591
878.528 3.10487
879.202 2.85694
879.877 2.6584
880.551 2.34952
881.226 2.19114
881.901 2.05032
882.576 1.78919
883.252 1.50104
883.927 2.01496
884.603 2.84476
885.278 3.61104
885.954 4.58326
886.63 5.29925
887.306 5.996
887.982 6.91647
888.659 7.89597
889.335 7.5921
890.012 6.79352
890.689 6.11317
891.366 5.1154
892.043 4.55188
892.72 4.0369
893.397 3.17555
894.075 2.23555
894.752 2.35669
895.43 2.8558
896.108 3.22499
896.786 3.82838
897.464 3.99599
898.143 4.07417
898.821 4.41256
899.5 4.7736
900.178 4.54118
900.857 4.09442
901.536 3.69877
902.216 3.16159
902.895 2.86811
903.574 2.61742
904.254 2.21011
904.934 1.78202
905.613 2.14642
906.293 2.82171
906.974 3.44006
907.654 4.26379
908.334 4.82855
909.015 5.37333
909.696 6.14142
910.376 6.96775
911.057 6.96009
911.738 6.64853
912.42 6.43497
913.101 6.03239
913.783 5.9542
914.464 5.93583
915.146 5.70857
915.828 5.45483
916.51 5.03151
917.193 4.5015
917.875 3.94971
918.558 3.32071
919.24 2.64491
919.923 1.91072
920.606 1.09843
921.289 0.220595
921.972 0.45651
922.656 1.12734
923.339 1.68167
924.023 2.50817
924.707 2.97935
925.391 3.41455
926.075 4.14589
926.759 4.94874
927.444 4.89739
928.128 4.54744
928.813 4.31072
929.498 3.89179
930.183 3.83661
930.868 3.86281
931.553 3.68562
932.238 3.49855
932.924 3.4291
933.61 3.38354
934.295 3.32104
934.981 3.275
