180.948 8.4
181.525 6.2354
182.103 3.79291
182.68 4.23927
183.258 3.02202
183.835 3.0693
184.413 9.7445
184.99 2.29675
185.568 1.77116
186.146 4.46011
186.723 -0.189849
187.301 -0.709555
187.879 2.31639
188.457 5.34653
189.035 4.50281
189.613 -2.41284
190.191 -3.06519
190.769 2.82074
191.347 2.34461
191.925 3.34652
192.503 5.99867
193.081 4.31551
193.659 0.480455
194.237 -0.351866
194.815 -3.52998
195.394 -5.97364
195.972 -4.00134
196.55 2.28027
197.129 4.61226
197.707 -0.918758
198.286 3.31127
198.864 0.135853
199.443 3.48417
200.021 6.90285
200.6 6.12019
201.178 7.59878
201.757 3.44564
202.336 -0.153432
202.915 0.526966
203.493 1.1789
204.072 -0.380853
204.651 -0.831214
205.23 1.1628
205.809 2.11005
206.388 -1.49677
206.967 0.721349
207.546 -2.61571
208.125 -3.14435
208.704 3.03311
209.283 -1.58101
209.863 -4.40177
210.442 2.16004
211.021 -3.39899
211.6 -3.1139
212.18 3.23752
212.759 3.87748
213.339 5.98616
213.918 4.62896
214.498 2.50373
215.077 0.366069
215.657 -1.08423
216.237 4.03897
216.816 4.98831
217.396 0.293959
217.976 1.06923
218.556 6.56421
219.135 2.62544
219.715 1.75669
220.295 9.07834
220.875 3.29617
221.455 0.879281
222.035 -2.46958
222.615 2.20359
223.195 1.63846
223.776 1.76397
224.356 2.26281
224.936 2.51222
225.516 2.65979
226.097 4.21677
226.677 0.84116
227.258 -0.378677
227.838 0.223003
228.419 1.99368
228.999 0.873014
229.58 -1.00095
230.16 1.4874
230.741 -3.14528
231.322 0.753352
231.902 2.79932
232.483 8.7968
233.064 7.12455
233.645 -1.67325
234.226 -2.10181
234.807 -3.97836
235.388 1.04181
235.969 1.77371
236.55 3.16345
237.131 2.91461
237.712 -1.35425
238.294 1.08248
238.875 4.05628
239.456 1.8725
240.038 5.60791
240.619 7.04502
241.2 -1.72563
241.782 2.01859
242.364 1.16474
242.945 0.341683
243.527 -1.91579
244.108 2.27023
244.69 5.9633
245.272 3.58144
245.854 0.346523
246.436 -1.86335
247.017 -3.20288
247.599 0.751493
248.181 5.99002
248.763 9.58952
249.345 5.62751
249.928 0.204958
250.51 4.14207
251.092 4.64351
251.674 1.85125
252.257 4.29042
252.839 -3.17198
253.421 -5.14061
254.004 0.93305
254.586 3.53458
255.169 3.25156
255.751 9.42106
256.334 6.16074
256.917 12.463
257.499 12.621
258.082 3.75511
258.665 1.81405
259.248 -1.59378
259.831 4.91353
260.414 5.71264
260.997 10.9864
261.58 2.64356
262.163 0.794931
262.746 1.76271
263.329 -0.823127
263.912 -0.0346587
264.496 -0.61895
265.079 2.64032
265.662 2.81283
266.246 2.98072
266.829 -4.66055
267.413 -1.3077
267.996 0.31609
268.58 2.16675
269.163 2.14376
269.747 2.81108
270.331 2.8649
270.915 3.72545
271.499 0.643945
272.082 -5.26448
272.666 -2.25227
273.25 0.493418
273.835 7.78139
274.419 5.67094
275.003 6.24336
275.587 -3.1394
276.171 -2.42373
276.755 -0.343481
277.34 -2.82414
277.924 -0.14907
278.509 4.43885
279.093 -0.689068
279.678 -4.30886
280.262 -3.4211
280.847 -3.60868
281.432 -4.40941
282.016 2.88674
282.601 1.8388
283.186 2.68278
283.771 1.2218
284.356 -0.750347
284.941 1.16136
285.526 3.60667
286.111 -0.689199
286.696 -2.5234
287.281 -4.32817
287.867 3.32092
288.452 5.15923
289.037 6.76692
289.623 4.73874
290.208 -0.882946
290.794 2.21253
291.379 5.46028
291.965 3.61259
292.55 3.21871
293.136 1.80845
293.722 0.801063
294.308 4.85277
294.894 2.61153
295.48 -1.02687
296.066 -2.51772
296.652 -0.218563
297.238 2.18371
297.824 4.19034
298.41 -1.87082
298.996 -1.75009
299.582 0.0327973
300.169 3.50973
300.755 0.610109
301.342 -2.69327
301.928 -3.63573
302.515 0.944593
303.101 4.40409
303.688 2.93141
304.275 -0.309707
304.861 0.792113
305.448 5.00209
306.035 5.2784
306.622 6.96335
307.209 4.27732
307.796 1.67566
308.383 -1.20711
308.97 -2.14978
309.558 3.5637
310.145 5.1266
310.732 4.76528
311.32 0.85853
311.907 3.09289
312.494 2.13861
313.082 -0.221276
313.67 -4.37116
314.257 -3.73749
314.845 -3.55313
315.433 0.90713
316.02 -3.08085
316.608 -3.65844
317.196 -1.54079
317.784 -1.09758
318.372 2.1751
318.96 0.917417
319.548 -3.13672
320.137 1.50299
320.725 5.27072
321.313 5.887
321.902 2.2202
322.49 -1.63684
323.079 -3.13633
323.667 0.0982237
324.256 -6.43652
324.844 -5.36674
325.433 -0.833706
326.022 2.53877
326.611 0.479125
327.199 6.89714
327.788 5.56656
328.377 3.27081
328.966 6.23156
329.556 5.20033
330.145 6.19525
330.734 2.84215
331.323 -1.39459
331.913 8.02839
332.502 12.1126
333.091 6.09537
333.681 3.80509
334.27 0.999175
334.86 4.39009
335.45 6.72165
336.04 6.42403
336.629 4.47658
337.219 4.86457
337.809 1.34611
338.399 6.77121
338.989 11.1022
339.579 8.15524
340.169 7.48478
340.76 8.67119
341.35 3.39371
341.94 9.03945
342.531 7.21682
343.121 5.60475
343.712 3.23902
344.302 10.8908
344.893 4.92352
345.483 4.60574
346.074 7.20447
346.665 8.17475
347.256 10.8551
347.847 9.37529
348.438 11.5586
349.029 17.1621
349.62 13.9454
350.211 10.619
350.802 9.63087
351.394 9.9901
351.985 16.1717
352.576 15.1826
353.168 13.465
353.76 14.7325
354.351 6.67373
354.943 12.6126
355.535 19.2273
356.126 39.018
356.718 129.364
357.31 268.839
357.902 641.99
358.494 574.333
359.086 293.099
359.678 161.752
360.271 51.4966
360.863 22.4613
361.455 13.4474
362.048 14.7574
362.64 11.9005
363.233 9.73016
363.825 11.2278
364.418 17.6273
365.011 13.9864
365.603 12.5869
366.196 13.2825
366.789 9.26496
367.382 14.3397
367.975 12.9174
368.568 7.17595
369.161 10.9421
369.755 15.1853
370.348 19.784
370.941 21.9738
371.535 16.3072
372.128 16.0232
372.722 19.3497
373.315 20.6369
373.909 15.9082
374.503 16.7138
375.096 21.3543
375.69 21.3395
376.284 21.4863
376.878 16.7853
377.472 8.84159
378.066 9.15357
378.661 14.3785
379.255 16.5054
379.849 10.3323
380.444 8.36635
381.038 14.2262
381.633 10.9682
382.227 11.6615
382.822 14.4999
383.417 14.8295
384.011 14.0791
384.606 14.3122
385.201 13.5927
385.796 11.5346
386.391 10.5934
386.986 13.9598
387.581 14.6793
388.177 16.5513
388.772 15.5081
389.367 18.021
389.963 23.966
390.558 26.6041
391.154 28.1813
391.75 27.9311
392.345 33.5446
392.941 37.6847
393.537 43.9091
394.133 40.1855
394.729 51.0951
395.325 64.7572
395.921 136.449
396.517 445.935
397.113 1526.44
397.71 3124.59
398.306 1802.98
398.903 484.442
399.499 210.792
400.096 218.866
400.692 360.486
401.289 301.982
401.886 144.098
402.483 102.556
403.08 97.2553
403.677 102.293
404.274 129.864
404.871 159.202
405.468 169.48
406.065 177.144
406.663 193.103
407.26 201.766
407.858 208.515
408.455 211.097
409.053 208.328
409.65 209.259
410.248 208.1
410.846 210.199
411.444 208.354
412.042 208.88
412.64 207.956
413.238 211.121
413.836 222.415
414.435 225.318
415.033 255.492
415.631 297.826
416.23 324.958
416.828 338.49
417.427 353.742
418.026 371.596
418.624 382.922
419.223 408.162
419.822 419.588
420.421 437.876
421.02 453.356
421.619 477.06
422.218 494.65
422.818 499.86
423.417 520.084
424.016 539.585
424.616 563.971
425.215 581.066
425.815 604.184
426.415 649.016
427.014 742.388
427.614 1227.5
428.214 2922.19
428.814 4091.82
429.414 4334.58
430.014 3177.11
430.614 1303.94
431.215 845.794
431.815 755.261
432.415 728.584
433.016 717.589
433.616 709.832
434.217 710.567
434.818 714.167
435.419 719.466
436.019 728.029
436.62 738.575
437.221 745.089
437.822 751.777
438.424 762.324
439.025 775.129
439.626 772.691
440.227 772.802
440.829 781.916
441.43 779.852
442.032 776.708
442.634 784.154
443.235 784.354
443.837 785.999
444.439 782.219
445.041 785.275
445.643 785.582
446.245 781.452
446.847 774.175
447.45 769.834
448.052 762.148
448.654 756.514
449.257 759.234
449.86 754.994
450.462 746.825
451.065 740.682
451.668 731.253
452.271 717.502
452.874 709.907
453.477 707.304
454.08 700.581
454.683 686.244
455.286 681.74
455.889 669.241
456.493 662.676
457.096 654.881
457.7 650.022
458.304 645.778
458.907 637.244
459.511 621.382
460.115 610.547
460.719 607.841
461.323 599.049
461.927 588.989
462.531 580.447
463.135 570.681
463.74 560.267
464.344 558.856
464.949 555.919
465.553 547.661
466.158 535.947
466.763 534.358
467.367 526.717
467.972 519.591
468.577 505.369
469.182 499.34
469.787 491.238
470.393 487.817
470.998 483.29
471.603 476.5
472.209 475.434
472.814 477.003
473.42 481.771
474.025 501.003
474.631 532.983
475.237 575.838
475.843 624.762
476.449 702.808
477.055 793.822
477.661 892.52
478.267 971.249
478.874 1101.27
479.48 1208.81
480.087 1231.43
480.693 1203.48
481.3 1132.91
481.907 1033.12
482.513 986.808
483.12 928.056
483.727 863.925
484.334 846.27
484.941 816.338
485.548 758.99
486.156 715.249
486.763 677.415
487.371 641.038
487.978 603.456
488.586 573.346
489.193 539.048
489.801 521.713
490.409 501.099
491.017 471.73
491.625 450.462
492.233 426.802
492.841 397.922
493.449 379.317
494.058 362.959
494.666 348.853
495.275 343.844
495.883 323.491
496.492 317.732
497.101 314.227
497.71 305.635
498.319 292.258
498.928 290.822
499.537 285.372
500.146 289.061
500.755 280.923
501.364 303.91
501.974 316.164
502.583 313.14
503.193 297.298
503.803 307.024
504.412 309.894
505.022 312.818
505.632 312.927
506.242 318.949
506.852 313.216
507.462 304.132
508.073 293.059
508.683 268.977
509.293 249.638
509.904 237.242
510.515 233.523
511.125 224.581
511.736 218.023
512.347 213.673
512.958 208.367
513.569 208.701
514.18 211.453
514.791 213.247
515.402 216.091
516.014 214.958
516.625 210.795
517.237 207.19
517.848 206.638
518.46 207.932
519.072 207.788
519.684 209.029
520.296 209.762
520.908 213.194
521.52 208.263
522.132 207.963
522.745 209.51
523.357 211.209
523.969 212.766
524.582 209.331
525.195 211.832
525.807 213.382
526.42 212.72
527.033 207.863
527.646 210.164
528.259 216.347
528.872 237.086
529.486 318.182
530.099 430.104
530.713 570.903
531.326 679.084
531.94 802.418
532.553 1080.97
533.167 1578.64
533.781 2352.71
534.395 3464.16
535.009 3861.73
535.623 3453.85
536.238 3030.78
536.852 2944.47
537.466 2975.79
538.081 3209
538.695 3985.76
539.31 4304.73
539.925 4344.23
540.54 3405.87
541.155 2371.27
541.77 1891.76
542.385 1569.95
543 1341.35
543.615 1101.99
544.231 921.833
544.846 756.538
545.462 630.019
546.078 527.703
546.693 447.651
547.309 363.929
547.925 263.34
548.541 218.235
549.157 208.705
549.773 211.124
550.39 208.07
551.006 189.962
551.623 177.132
552.239 158.697
552.856 129.507
553.473 105.91
554.089 95.4325
554.706 95.9025
555.323 92.8631
555.941 81.1583
556.558 75.0115
557.175 70.6817
557.793 72.1432
558.41 68.4639
559.028 65.2046
559.645 67.654
560.263 62.3582
560.881 54.3299
561.499 55.31
562.117 51.0025
562.735 53.4036
563.353 49.7396
563.972 41.7295
564.59 39.9624
565.208 39.7922
565.827 38.2126
566.446 45.9297
567.065 47.2482
567.683 60.8555
568.302 63.4954
568.921 108.615
569.541 560.075
570.16 965.198
570.779 485.898
571.399 404.037
572.018 960.419
572.638 740.158
573.258 496.167
573.877 395.006
574.497 344.203
575.117 414.417
575.737 510.143
576.358 576.269
576.978 592.859
577.598 573.744
578.219 526.318
578.839 477.143
579.46 496.509
580.081 680.698
580.702 715.461
581.323 502.961
581.944 355.167
582.565 284.405
583.186 250.894
583.807 281.711
584.429 333.802
585.05 384.395
585.672 483.985
586.294 555.993
586.915 447.591
587.537 287.108
588.159 224.595
588.781 216.197
589.404 214.062
590.026 215.481
590.648 216.318
591.271 217.108
591.893 253.544
592.516 313.879
593.139 283.956
593.762 227.642
594.385 213.194
595.008 191.063
595.631 144.154
596.254 119.365
596.878 138.479
597.501 168.464
598.125 184.614
598.748 195.547
599.372 211.562
599.996 218.237
600.62 216.595
601.244 271.086
601.868 398.608
602.492 597.798
603.117 1040.71
603.741 2277.8
604.366 3731.26
604.99 3495.7
605.615 2278.54
606.24 1608.49
606.865 1313.24
607.49 1175.03
608.115 1024.84
608.74 798.908
609.365 578.795
609.991 442.532
610.616 356.003
611.242 282.284
611.868 250.564
612.494 242.298
613.119 266.474
613.745 321.439
614.372 338.956
614.998 334.11
615.624 337.445
616.251 354.315
616.877 374.875
617.504 383.45
618.13 385.249
618.757 388.22
619.384 385.27
620.011 365.484
620.638 338.799
621.266 290.147
621.893 271.784
622.52 285.958
623.148 353.216
623.776 492.554
624.403 563.785
625.031 392.56
625.659 240.342
626.287 161.632
626.915 107.139
627.543 87.8628
628.172 76.7196
628.8 66.2196
629.429 66.0333
630.057 58.9018
630.686 58.8035
631.315 57.1017
631.944 54.3638
632.573 43.4233
633.202 45.6895
633.832 42.5786
634.461 50.3438
635.09 51.7365
635.72 48.0896
636.35 47.4419
636.979 52.6812
637.609 47.8259
638.239 47.7036
638.869 50.0165
639.5 50.2083
640.13 47.4434
640.76 49.1145
641.391 49.6586
642.021 48.3254
642.652 63.6155
643.283 135.817
643.914 198.181
644.545 151.038
645.176 97.4309
645.807 80.0229
646.439 84.9507
647.07 72.0812
647.702 57.7466
648.333 53.3359
648.965 50.7613
649.597 53.0192
650.229 56.76
650.861 59.8732
651.493 57.7656
652.125 52.0419
652.758 47.4104
653.39 38.0127
654.023 34.9731
654.656 40.5005
655.289 63.9601
655.921 89.6874
656.554 74.9916
657.188 55.8049
657.821 44.3276
658.454 37.0002
659.088 41.8193
659.721 37.8966
660.355 30.0337
660.989 31.9155
661.623 32.3252
662.257 34.4659
662.891 30.3983
663.525 27.9596
664.159 27.405
664.794 29.7953
665.428 29.7933
666.063 35.0435
666.697 28.8997
667.332 25.8116
667.967 23.6237
668.602 24.0466
669.237 23.3952
669.873 23.9385
670.508 26.9718
671.144 27.26
671.779 26.4659
672.415 28.1339
673.051 27.2443
673.687 24.5528
674.323 24.0409
674.959 33.7292
675.595 35.534
676.231 29.9229
676.868 19.8334
677.504 17.4898
678.141 19.406
678.778 24.9597
679.415 33.6703
680.052 44.4057
680.689 64.8173
681.326 78.3244
681.964 68.7919
682.601 47.5356
683.239 30.6903
683.876 23.6209
684.514 22.6138
685.152 15.4279
685.79 11.86
686.428 17.4577
687.066 38.2415
687.705 47.147
688.343 31.2211
688.982 12.1567
689.62 12.6304
690.259 13.3214
690.898 10.5578
691.537 9.74505
692.176 7.77178
692.815 13.9691
693.455 14.2111
694.094 11.6742
694.734 14.553
695.373 11.4117
696.013 14.274
696.653 20.0618
697.293 24.1142
697.933 24.4716
698.573 21.902
699.214 37.6786
699.854 64.5098
700.495 141.238
701.135 180.147
701.776 123.804
702.417 128.497
703.058 191.518
703.699 121.454
704.34 58.9911
704.982 50.5461
705.623 93.3819
706.265 163.605
706.906 112.721
707.548 49.3205
708.19 18.6551
708.832 9.50216
709.474 8.79786
710.117 11.2511
710.759 4.47904
711.402 8.70369
712.044 8.06877
712.687 7.71078
713.33 2.69967
713.973 1.57465
714.616 3.84841
715.259 6.2574
715.902 6.65513
716.545 4.34288
717.189 1.48106
717.833 2.2171
718.476 -2.96031
719.12 2.78187
719.764 1.13258
720.408 -0.776822
721.052 -3.00915
721.697 -0.279682
722.341 3.36327
722.986 7.58005
723.63 2.57352
724.275 5.49418
724.92 6.26807
725.565 4.02982
726.21 7.50938
726.856 6.74533
727.501 3.15526
728.146 10.562
728.792 3.49654
729.438 -5.75536
730.083 2.764
730.729 7.11588
731.375 6.48434
732.022 -2.66553
732.668 8.51862
733.314 8.63737
733.961 2.95855
734.608 -2.70525
735.254 -0.314091
735.901 1.96221
736.548 5.93583
737.195 3.5279
737.842 3.36266
738.49 2.31512
739.137 -1.55788
739.785 -0.908464
740.433 -1.0004
741.08 -0.223952
741.728 7.52419
742.376 0.826112
743.025 0.206056
743.673 -1.38198
744.321 0.585163
744.97 8.34419
745.618 16.7203
746.267 15.8389
746.916 7.23397
747.565 3.88468
748.214 7.04306
748.863 2.02884
749.513 -1.09167
750.162 4.95623
750.812 2.71342
751.462 4.14765
752.111 4.99217
752.761 4.56037
753.411 -2.48134
754.062 4.95104
754.712 -1.44213
755.362 -7.09748
756.013 -11.4321
756.664 -1.82435
757.314 2.67586
757.965 6.00056
758.616 15.8448
759.268 4.11599
759.919 -0.585836
760.57 4.23868
761.222 -2.67803
761.873 -6.06089
762.525 3.9467
763.177 4.94375
763.829 1.99242
764.481 -1.28952
765.133 1.22683
765.786 -2.70996
766.438 1.43168
767.091 3.30638
767.744 6.89079
768.396 2.14922
769.049 -1.07788
769.702 -3.74532
770.356 -3.43219
771.009 4.8346
771.662 3.92675
772.316 3.10952
772.97 5.54231
773.624 4.21449
774.278 7.33585
774.932 2.45205
775.586 3.8926
776.24 1.29398
776.895 1.60449
777.549 3.90438
778.204 0.657188
778.859 2.47563
779.514 7.12915
780.169 4.7486
780.824 2.54393
781.479 2.755
782.135 2.77276
782.79 0.856096
783.446 -1.97125
784.102 -2.79799
784.758 -6.3577
785.414 -5.97944
786.07 -6.35248
786.726 -3.71701
787.382 -4.58974
788.039 -0.704367
788.696 -3.01504
789.353 -1.16796
790.009 2.56231
790.666 7.25559
791.324 8.87717
791.981 8.50528
792.638 8.63193
793.296 5.0367
793.954 5.05048
794.611 8.69426
795.269 5.76919
795.927 8.52069
796.586 15.1933
797.244 14.8209
797.902 5.75474
798.561 0.279335
799.219 0.882001
799.878 -5.14091
800.537 1.75748
801.196 4.97588
801.855 -0.253171
802.515 4.35158
803.174 0.203665
803.834 -6.66001
804.493 0.596484
805.153 17.407
805.813 14.3605
806.473 9.92938
807.133 13.5143
807.794 23.4579
808.454 14.2156
809.115 3.73517
809.776 7.35996
810.436 4.34002
811.097 -2.54482
811.758 0.901423
812.42 -0.0166883
813.081 -4.35521
813.742 -2.50958
814.404 0.852196
815.066 2.79328
815.728 4.5725
816.39 2.88874
817.052 -1.02537
817.714 1.3147
818.376 -0.615849
819.039 1.22009
819.701 -4.76076
820.364 1.20846
821.027 0.16487
821.69 -1.19313
822.353 -3.83118
823.017 -3.6921
823.68 3.95331
824.343 2.8451
825.007 -1.94902
825.671 1.14215
826.335 1.97804
826.999 -0.009763
827.663 2.6303
828.327 2.46358
828.992 -2.0156
829.656 -9.1094
830.321 -0.598599
830.986 5.00241
831.651 0.923288
832.316 -2.83431
832.981 6.14932
833.647 6.46898
834.312 3.99004
834.978 7.16265
835.643 -2.67516
836.309 -2.59777
836.975 2.14966
837.641 6.5751
838.308 7.41169
838.974 7.49743
839.641 10.7712
840.307 6.29489
840.974 5.31644
841.641 3.20228
842.308 6.25212
842.975 4.16231
843.643 -3.93008
844.31 -2.30989
844.978 3.1608
845.645 -1.10928
846.313 0.450931
846.981 -3.21564
847.649 0.184205
848.318 4.26221
848.986 -0.428972
849.654 -3.8843
850.323 -1.63601
850.992 1.19173
851.661 -0.548851
852.33 -5.85263
852.999 -0.817752
853.668 -3.95171
854.338 -3.17689
855.007 -2.75798
855.677 -2.24305
856.347 -4.12531
857.017 0.357696
857.687 -4.20302
858.357 3.69636
859.028 3.60753
859.698 6.8918
860.369 2.84669
861.04 2.00288
861.711 4.84683
862.382 2.28368
863.053 4.38707
863.724 -2.24481
864.396 5.56407
865.067 6.08571
865.739 -3.12842
866.411 -5.55178
867.083 0.944905
867.755 -0.315666
868.427 -3.17678
869.1 -3.2897
869.772 33.0971
870.445 34.2735
871.118 14.7076
871.791 5.58073
872.464 4.21672
873.137 -3.13537
873.81 -0.504195
874.484 6.93523
875.157 6.84333
875.831 4.14784
876.505 3.79359
877.179 0.983091
877.853 1.57996
878.528 7.52157
879.202 -1.24822
879.877 4.93181
880.551 6.72599
881.226 7.79716
881.901 -3.37968
882.576 -8.00165
883.252 -0.291698
883.927 5.92311
884.603 2.49982
885.278 7.98297
885.954 3.84222
886.63 4.49148
887.306 10.1175
887.982 5.83502
888.659 7.02812
889.335 8.50678
890.012 5.68088
890.689 4.76328
891.366 -1.80809
892.043 -2.20058
892.72 2.65643
893.397 0.0820337
894.075 1.42414
894.752 1.19088
895.43 -0.500837
896.108 -0.0704123
896.786 6.64357
897.464 3.09848
898.143 2.98635
898.821 3.43877
899.5 -1.1597
900.178 4.96717
900.857 7.38631
901.536 0.857034
902.216 -0.583441
902.895 -1.10845
903.574 7.46931
904.254 6.02732
904.934 -3.44824
905.613 -1.55292
906.293 0.653417
906.974 2.19165
907.654 1.19844
908.334 2.06724
909.015 4.15319
909.696 3.62766
910.376 -3.19038
911.057 -5.13158
911.738 -2.57833
912.42 3.51743
913.101 2.1981
913.783 0.981056
914.464 0.975664
915.146 -0.650978
915.828 -0.3148
916.51 1.65931
917.193 4.8743
917.875 0.276945
918.558 -1.54164
919.24 0.132879
919.923 -0.571268
920.606 3.43266
921.289 -0.477566
921.972 -1.64879
922.656 5.73682
923.339 4.53815
924.023 7.21918
924.707 5.42521
925.391 4.89656
926.075 3.91841
926.759 2.24363
927.444 2.79104
928.128 7.45466
928.813 0.688533
929.498 -1.61309
930.183 2.61473
930.868 1.6978
931.553 6.31831
932.238 3.86963
932.924 6.77736
933.61 0.745867
934.295 4.5986
934.981 4.25626
