180.948 -21
181.525 -20.0798
182.103 -30.2021
182.68 -27.0113
183.258 -30.1553
183.835 -18.0763
184.413 -23.6345
184.99 -33.2897
185.568 -28.7224
186.146 -18.7917
186.723 -11.1798
187.301 -11.3171
187.879 -14.4743
188.457 -15.3836
189.035 -18.661
189.613 -16.1926
190.191 -18.7906
190.769 -21.6539
191.347 -19.7544
191.925 -14.5257
192.503 -13.0819
193.081 -15.9829
193.659 -17.3422
194.237 -22.5166
194.815 -22.5087
195.394 -31.8528
195.972 -31.521
196.55 -24.721
197.129 -18.3434
197.707 -22.7698
198.286 -24.9249
198.864 -21.6212
199.443 -17.9749
200.021 -15.5306
200.6 -11.5885
201.178 -22.543
201.757 -14.8985
202.336 -4.23069
202.915 -8.89291
203.493 -14.0686
204.072 -10.9999
204.651 -11.5523
205.23 -18.5021
205.809 -23.8212
206.388 -20.0457
206.967 -26.0291
207.546 -19.0754
208.125 -14.5221
208.704 -17.2758
209.283 -14.0792
209.863 -14.2363
210.442 -15.7588
211.021 -13.3954
211.6 -8.55285
212.18 -13.313
212.759 -10.6602
213.339 -26.016
213.918 -24.5263
214.498 -9.72367
215.077 -7.28023
215.657 -10.858
216.237 -12.3036
216.816 -18.9731
217.396 -24.4462
217.976 -23.1126
218.556 -14.7064
219.135 -11.4277
219.715 -6.98107
220.295 -7.35393
220.875 -8.94884
221.455 -11.3476
222.035 -6.77953
222.615 -4.8227
223.195 -15.8797
223.776 -13.887
224.356 -0.328097
224.936 -4.921
225.516 -4.38491
226.097 15.8706
226.677 -1.06004
227.258 -1.83344
227.838 -5.16307
228.419 -11.1324
228.999 -11.4591
229.58 -5.4027
230.16 -1.95884
230.741 -9.15816
231.322 -10.0272
231.902 -6.07625
232.483 -15.9299
233.064 -5.85535
233.645 -7.35784
234.226 1.38776
234.807 5.58169
235.388 5.29436
235.969 -1.58982
236.55 -3.31361
237.131 -2.57192
237.712 -5.49902
238.294 -11.7407
238.875 -3.73863
239.456 -10.9319
240.038 -15.3966
240.619 -12.8194
241.2 -12.8838
241.782 -6.92797
242.364 -6.05292
242.945 -5.78964
243.527 -4.38985
244.108 -6.26486
244.69 -3.34904
245.272 -3.15084
245.854 -0.27756
246.436 1.60294
247.017 -2.16553
247.599 -1.92813
248.181 -3.2238
248.763 -4.80355
249.345 -5.3129
249.928 -8.6138
250.51 3.97574
251.092 5.90472
251.674 -5.32408
252.257 -2.89795
252.839 -0.805015
253.421 -0.0147867
254.004 9.67189
254.586 7.71721
255.169 -10.3988
255.751 -1.8769
256.334 7.0125
256.917 -2.94984
257.499 -6.46523
258.082 -8.93851
258.665 -4.50834
259.248 -11.0411
259.831 -4.41689
260.414 -6.94133
260.997 -2.45217
261.58 -3.92172
262.163 -9.77664
262.746 -5.57115
263.329 -7.40679
263.912 -9.31282
264.496 0.123951
265.079 3.82967
265.662 3.79469
266.246 1.72343
266.829 -4.34874
267.413 -1.2309
267.996 0.199346
268.58 1.4555
269.163 3.10697
269.747 4.85748
270.331 1.63838
270.915 -2.05592
271.499 1.27802
272.082 -0.885288
272.666 0.488897
273.25 -6.68879
273.835 1.24409
274.419 4.27336
275.003 -4.54805
275.587 -4.811
276.171 -3.10067
276.755 6.33306
277.34 -7.14198
277.924 -4.44035
278.509 -2.72206
279.093 -3.81576
279.678 -7.63778
280.262 -5.76825
280.847 0.816968
281.432 -11.9418
282.016 -12.1377
282.601 -12.857
283.186 -13.1828
283.771 -9.38185
284.356 -12.1227
284.941 -10.5792
285.526 -6.49971
286.111 -12.2528
286.696 -9.49235
287.281 -12.025
287.867 -10.767
288.452 -4.68243
289.037 2.20249
289.623 -0.259608
290.208 -6.98327
290.794 -11.4089
291.379 -10.4444
291.965 -16.8996
292.55 -17.3192
293.136 -15.7202
293.722 -7.27877
294.308 -7.7373
294.894 -20.4157
295.48 -12.1552
296.066 -7.99132
296.652 -20.7451
297.238 -16.5196
297.824 -19.8237
298.41 -17.9422
298.996 -13.5594
299.582 -13.303
300.169 -1.467
300.755 -7.66213
301.342 -11.9522
301.928 -16.0956
302.515 -8.37907
303.101 -18.7932
303.688 -17.8968
304.275 -13.8488
304.861 -14.076
305.448 -3.82487
306.035 -1.96979
306.622 1.5096
307.209 -2.95002
307.796 -1.22951
308.383 -9.05328
308.97 -17.3203
309.558 -15.7216
310.145 -9.83046
310.732 -2.55997
311.32 -2.4226
311.907 -11.0829
312.494 -3.59741
313.082 -13.8376
313.67 -7.30441
314.257 -8.59787
314.845 -13.5349
315.433 -20.7694
316.02 -14.6469
316.608 -11.2654
317.196 -6.7595
317.784 -5.98691
318.372 -1.101
318.96 -1.46781
319.548 -10.7249
320.137 -16.7848
320.725 -17.2826
321.313 -5.35448
321.902 -10.3039
322.49 -10.746
323.079 -7.52971
323.667 -11.4738
324.256 -18.7041
324.844 -13.2541
325.433 -6.42941
326.022 -6.88033
326.611 -1.57993
327.199 -2.49791
327.788 7.31581
328.377 -3.22667
328.966 2.38883
329.556 -2.75234
330.145 -6.52531
330.734 -11.881
331.323 -4.55746
331.913 -2.79028
332.502 -1.52161
333.091 3.31117
333.681 5.2761
334.27 0.829049
334.86 -6.0673
335.45 -0.330262
336.04 2.09291
336.629 -4.51181
337.219 -12.9846
337.809 -8.18721
338.399 -11.6006
338.989 -12.3979
339.579 -14.1752
340.169 -7.76967
340.76 -6.12376
341.35 -7.4063
341.94 -15.7329
342.531 -14.961
343.121 -14.4644
343.712 -10.7871
344.302 -5.82396
344.893 -8.23971
345.483 -11.7654
346.074 -16.9393
346.665 -20.6863
347.256 -7.39928
347.847 1.09503
348.438 -8.90993
349.029 -17.0917
349.62 -15.2914
350.211 -14.4935
350.802 -6.52128
351.394 -15.9105
351.985 -16.457
352.576 -9.5614
353.168 -9.52314
353.76 -9.82439
354.351 -6.48616
354.943 -11.7723
355.535 -9.2223
356.126 -9.16256
356.718 -8.0232
357.31 -9.67491
357.902 -10.2226
358.494 -11.746
359.086 -8.87338
359.678 -11.0052
360.271 -10.8648
360.863 -11.198
361.455 -16.3764
362.048 -17.5224
362.64 -6.51786
363.233 -8.47092
363.825 -17.7845
364.418 -23.8242
365.011 -19.3361
365.603 -16.1621
366.196 -14.5355
366.789 -18.0059
367.382 -19.0617
367.975 -14.255
368.568 -13.4655
369.161 -11.9176
369.755 -10.6898
370.348 -9.27182
370.941 -15.0569
371.535 -10.1373
372.128 -16.9458
372.722 -12.9378
373.315 -5.62321
373.909 -6.03181
374.503 -9.92915
375.096 -16.3835
375.69 -9.85688
376.284 -11.2883
376.878 -15.1069
377.472 -11.1122
378.066 -16.6787
378.661 -12.5836
379.255 -8.79958
379.849 -5.53943
380.444 -8.85059
381.038 -7.12127
381.633 -12.0294
382.227 -9.11735
382.822 -22.9508
383.417 -22.7787
384.011 -9.85153
384.606 -9.46709
385.201 -6.79443
385.796 -14.5209
386.391 -12.5611
386.986 -10.9001
387.581 -13.4393
388.177 -15.823
388.772 -10.8293
389.367 -11.4571
389.963 -3.30555
390.558 -1.19521
391.154 -4.15545
391.75 -8.38099
392.345 -6.44211
392.941 -3.49976
393.537 -16.2906
394.133 -8.21667
394.729 -11.6707
395.325 -13.9836
395.921 -20.2273
396.517 -18.3412
397.113 -21.2455
397.71 -17.5691
398.306 -15.9787
398.903 -9.4583
399.499 -21.434
400.096 -10.332
400.692 -10.2371
401.289 -7.2164
401.886 -27.029
402.483 -13.1742
403.08 -5.71875
403.677 -11.9656
404.274 -9.04141
404.871 -2.24441
405.468 -3.65611
406.065 -5.60581
406.663 -7.22637
407.26 5.28558
407.858 5.83495
408.455 3.27747
409.053 1.4903
409.65 1.3454
410.248 1.27974
410.846 12.607
411.444 12.0313
412.042 5.60842
412.64 8.26974
413.238 10.959
413.836 12.4687
414.435 14.5801
415.033 18.8376
415.631 15.6555
416.23 27.1152
416.828 26.4679
417.427 18.2926
418.026 16.5129
418.624 17.891
419.223 17.894
419.822 15.089
420.421 15.858
421.02 15.287
421.619 21.115
422.218 20.88
422.818 20.506
423.417 15.591
424.016 16.495
424.616 14.372
425.215 14.092
425.815 18.063
426.415 36.7857
427.014 76.6691
427.614 91.7077
428.214 113.76
428.814 131.616
429.414 152.805
430.014 169.691
430.614 190.91
431.215 215.298
431.815 236.054
432.415 263.633
433.016 292.345
433.616 320.162
434.217 353.096
434.818 396.765
435.419 451.683
436.019 496.829
436.62 542.76
437.221 599.224
437.822 659.315
438.424 737.491
439.025 768.338
439.626 821.366
440.227 912.786
440.829 974.783
441.43 1025.64
442.032 1082.26
442.634 1125.73
443.235 1154.11
443.837 1176.47
444.439 1189.25
445.041 1193.65
445.643 1192.36
446.245 1178.38
446.847 1145.99
447.45 1112.29
448.052 1074.66
448.654 1038.48
449.257 990.178
449.86 943.019
450.462 902.155
451.065 830.163
451.668 787.598
452.271 778.509
452.874 773.11
453.477 764.266
454.08 751.243
454.683 712.666
455.286 668.855
455.889 653.179
456.493 631.822
457.096 620.122
457.7 616.038
458.304 600.542
458.907 586.365
459.511 580.515
460.115 560.061
460.719 560.085
461.323 545.395
461.927 523.155
462.531 506.815
463.135 497.097
463.74 484.683
464.344 460.672
464.949 438.211
465.553 428.304
466.158 411.657
466.763 396.254
467.367 381.87
467.972 367.354
468.577 363.34
469.182 357.118
469.787 348.371
470.393 343.192
470.998 344.147
471.603 332.78
472.209 329.373
472.814 332.111
473.42 330.632
474.025 329.522
474.631 324.759
475.237 324.478
475.843 318.923
476.449 320.529
477.055 311.963
477.661 316.024
478.267 324.291
478.874 329.022
479.48 322.294
480.087 328.854
480.693 334.688
481.3 338.864
481.907 334.123
482.513 339.431
483.12 345.696
483.727 350.292
484.334 348.61
484.941 349.953
485.548 360.952
486.156 367.809
486.763 370.335
487.371 373.601
487.978 376.096
488.586 387.753
489.193 392.912
489.801 395.796
490.409 400.997
491.017 415.206
491.625 419.731
492.233 422.671
492.841 419.219
493.449 432.377
494.058 445.418
494.666 450.904
495.275 448.672
495.883 460.117
496.492 462.612
497.101 472.624
497.71 476.892
498.319 483.662
498.928 484.964
499.537 487.329
500.146 495.186
500.755 499.058
501.364 505.553
501.974 506.215
502.583 504.943
503.193 514.435
503.803 519.567
504.412 510.98
505.022 517.786
505.632 520.572
506.242 523.568
506.852 523.701
507.462 531.303
508.073 535.18
508.683 534.306
509.293 536.784
509.904 530.423
510.515 532.084
511.125 534.421
511.736 532.79
512.347 538.016
512.958 532.152
513.569 539.012
514.18 543.651
514.791 542.428
515.402 540.236
516.014 544.522
516.625 543.804
517.237 548.579
517.848 548.568
518.46 550.15
519.072 548.368
519.684 560.945
520.296 560.387
520.908 561.93
521.52 569.434
522.132 568.992
522.745 566.642
523.357 570.819
523.969 575.542
524.582 575.812
525.195 576.332
525.807 577.21
526.42 581.886
527.033 584.587
527.646 591.578
528.259 596.527
528.872 593.375
529.486 593.5
530.099 607.146
530.713 598.751
531.326 595.594
531.94 603.585
532.553 606.672
533.167 609.41
533.781 614.658
534.395 618.232
535.009 627.619
535.623 621.945
536.238 623.782
536.852 617.068
537.466 613.839
538.081 619.38
538.695 617.727
539.31 625.144
539.925 620.089
540.54 621.029
541.155 620.749
541.77 618.937
542.385 623.446
543 623.032
543.615 620.072
544.231 614.194
544.846 609.13
545.462 610.513
546.078 616.067
546.693 618.381
547.309 624.897
547.925 626.415
548.541 620.228
549.157 620.865
549.773 611.377
550.39 606.575
551.006 611.669
551.623 615.209
552.239 613.12
552.856 611.225
553.473 613.525
554.089 618.646
554.706 616.031
555.323 614.545
555.941 615.463
556.558 620.881
557.175 626.772
557.793 626.681
558.41 623.637
559.028 634.791
559.645 632.617
560.263 623.87
560.881 636.452
561.499 633.081
562.117 626.598
562.735 626.773
563.353 622.392
563.972 625.697
564.59 628.5
565.208 627.621
565.827 634.332
566.446 636.007
567.065 640.347
567.683 641.205
568.302 638.293
568.921 624.864
569.541 636.105
570.16 637.012
570.779 643.787
571.399 640.02
572.018 635.29
572.638 638.885
573.258 639.907
573.877 641.828
574.497 641.905
575.117 635.978
575.737 625.573
576.358 629.081
576.978 628.784
577.598 628.381
578.219 621.768
578.839 619.357
579.46 602.619
580.081 607.761
580.702 602.014
581.323 601.68
581.944 600.431
582.565 592.005
583.186 601.165
583.807 602.812
584.429 607.57
585.05 601.408
585.672 598.816
586.294 600.492
586.915 595.589
587.537 587.823
588.159 579.015
588.781 573.456
589.404 568.474
590.026 569.192
590.648 570.093
591.271 572.461
591.893 563.067
592.516 551.612
593.139 552.327
593.762 551.239
594.385 545.097
595.008 543.046
595.631 538.639
596.254 540.01
596.878 533.279
597.501 521.5
598.125 523.547
598.748 516.554
599.372 512.572
599.996 509.125
600.62 502.884
601.244 492.507
601.868 489.904
602.492 481.04
603.117 480.469
603.741 477.996
604.366 468.315
604.99 459.833
605.615 457.093
606.24 451.315
606.865 444.553
607.49 444.482
608.115 439.906
608.74 430.248
609.365 433.791
609.991 436.015
610.616 427.304
611.242 416.303
611.868 408.305
612.494 404.154
613.119 402.19
613.745 405.681
614.372 400.321
614.998 397.246
615.624 398.858
616.251 398.384
616.877 386.328
617.504 387.717
618.13 391.159
618.757 390.61
619.384 385.896
620.011 382.768
620.638 376.561
621.266 360.958
621.893 356.688
622.52 358.272
623.148 357.505
623.776 355.074
624.403 346.815
625.031 341.288
625.659 329.099
626.287 323.255
626.915 323.841
627.543 312.445
628.172 309.928
628.8 307.763
629.429 302.49
630.057 297.476
630.686 294.48
631.315 289.929
631.944 287.354
632.573 275.917
633.202 269.64
633.832 269.817
634.461 268.069
635.09 251.6
635.72 239.398
636.35 238.327
636.979 236.205
637.609 233.212
638.239 232.101
638.869 227.479
639.5 218.63
640.13 210.413
640.76 208.833
641.391 207.774
642.021 196.563
642.652 199.614
643.283 192.084
643.914 185.528
644.545 179.74
645.176 176.642
645.807 184.088
646.439 180.937
647.07 178.201
647.702 171.065
648.333 161.122
648.965 164.232
649.597 155.022
650.229 157.101
650.861 157.125
651.493 152.273
652.125 151.804
652.758 141.498
653.39 137.27
654.023 136.591
654.656 129.749
655.289 125.454
655.921 121.801
656.554 123.642
657.188 121.792
657.821 107.643
658.454 104.952
659.088 81.9593
659.721 74.6422
660.355 74.7293
660.989 85.2355
661.623 64.7238
662.257 56.5508
662.891 46.6443
663.525 40.6946
664.159 44.838
664.794 39.9601
665.428 35.8016
666.063 34.2465
666.697 20.1417
667.332 23.1247
667.967 19.8409
668.602 15.2046
669.237 14.7362
669.873 12.7605
670.508 14.7106
671.144 20.1049
671.779 19.3955
672.415 19.2676
673.051 16.3331
673.687 10.757
674.323 15.14
674.959 15.48
675.595 15.334
676.231 14.551
676.868 18.257
677.504 17.542
678.141 17.288
678.778 16.305
679.415 19.73
680.052 20.04
680.689 22.643
681.326 15.611
681.964 15.236
682.601 18.291
683.239 15.824
683.876 18.491
684.514 18.118
685.152 14.771
685.79 14.428
686.428 18.637
687.066 20.98
687.705 23.587
688.343 21.435
688.982 12.365
689.62 14.946
690.259 12.835
690.898 12.219
691.537 15.922
692.176 14.416
692.815 12.941
693.455 15.548
694.094 16.357
694.734 14.722
695.373 10.983
696.013 9.684
696.653 17.28
697.293 15.937
697.933 17.321
698.573 20.264
699.214 19.644
699.854 23.292
700.495 13.315
701.135 12.811
701.776 14.314
702.417 13.927
703.058 15.225
703.699 18.036
704.34 17.007
704.982 14.449
705.623 14.193
706.265 9.772
706.906 14.58
707.548 19.776
708.19 20.264
708.832 29.072
709.474 15.059
710.117 12.256
710.759 10.85
711.402 17.271
712.044 15.801
712.687 16.857
713.33 15.044
713.973 13.38
714.616 9.848
715.259 13.24
715.902 12.35
716.545 10.598
717.189 22.151
717.833 16.528
718.476 17.485
719.12 11.786
719.764 8.985
720.408 11.349
721.052 12.476
721.697 13.448
722.341 15.909
722.986 18
723.63 19.432
724.275 10.287
724.92 9.72
725.565 14.919
726.21 13.476
726.856 19.46
727.501 21.143
728.146 18.838
728.792 17.605
729.438 17.156
730.083 11.161
730.729 19.046
731.375 21.808
732.022 14.8
732.668 11.925
733.314 15.429
733.961 10.909
734.608 9.256
735.254 8.016
735.901 15.908
736.548 18.796
737.195 20.581
737.842 18.809
738.49 18.22
739.137 12.354
739.785 7.032
740.433 10.783
741.08 15.644
741.728 18.145
742.376 22.976
743.025 17.526
743.673 21.796
744.321 15.018
744.97 18.072
745.618 19.49
746.267 13.823
746.916 15.493
747.565 8.742
748.214 20.579
748.863 17.792
749.513 16.586
750.162 12.7207
750.812 14.617
751.462 12.317
752.111 17.0378
752.761 18.9346
753.411 17.1039
754.062 18.653
754.712 14.053
755.362 15.02
756.013 14.939
756.664 16.928
757.314 16.374
757.965 17.207
758.616 13.902
759.268 12.862
759.919 14.3418
760.57 11.6899
761.222 11.5878
761.873 11.4732
762.525 12.7364
763.177 18.4825
763.829 16.9392
764.481 16.1633
765.133 19.4279
765.786 17.6804
766.438 17.0988
767.091 17.5541
767.744 19.1115
768.396 15.8018
769.049 16.3681
769.702 11.5742
770.356 13.4204
771.009 6.72267
771.662 12.0399
772.316 13.6029
772.97 8.39738
773.624 7.41582
774.278 5.30437
774.932 10.7053
775.586 19.8764
776.24 8.0385
776.895 10.0927
777.549 13.6914
778.204 12.9764
778.859 12.9151
779.514 10.0616
780.169 6.56783
780.824 7.52935
781.479 17.3685
782.135 17.7878
782.79 16.6152
783.446 13.3021
784.102 14.1558
784.758 11.3508
785.414 14.878
786.07 10.2031
786.726 11.1279
787.382 11.4986
788.039 10.1924
788.696 7.62063
789.353 11.809
790.009 9.23678
790.666 11.2917
791.324 12.7842
791.981 8.8466
792.638 9.17753
793.296 7.38237
793.954 9.73914
794.611 15.3374
795.269 17.5776
795.927 9.11628
796.586 5.3713
797.244 11.3362
797.902 10.7101
798.561 9.22952
799.219 3.97108
799.878 3.44542
800.537 11.2491
801.196 12.3877
801.855 14.5792
802.515 13.6296
803.174 10.0531
803.834 12.6439
804.493 10.5955
805.153 12.4332
805.813 12.0692
806.473 13.3085
807.133 17.2801
807.794 11.7896
808.454 7.89568
809.115 12.6496
809.776 11.3552
810.436 15.7785
811.097 15.3503
811.758 8.46773
812.42 19.4544
813.081 18.3902
813.742 20.6124
814.404 15.5062
815.066 15.9416
815.728 9.10886
816.39 8.581
817.052 10.4753
817.714 10.9539
818.376 11.5185
819.039 8.15317
819.701 5.80831
820.364 12.8959
821.027 8.04163
821.69 9.72422
822.353 14.8608
823.017 13.2114
823.68 15.9455
824.343 14.8908
825.007 12.9858
825.671 12.973
826.335 14.3646
826.999 17.4944
827.663 16.4986
828.327 11.1563
828.992 12.2156
829.656 12.2441
830.321 10.033
830.986 12.4946
831.651 18.0405
832.316 12.5698
832.981 17.0419
833.647 13.5783
834.312 10.9063
834.978 20.3925
835.643 15.7766
836.309 10.7348
836.975 12.7238
837.641 11.9786
838.308 12.7875
838.974 6.1007
839.641 15.2834
840.307 14.8528
840.974 15.1197
841.641 13.1741
842.308 8.79144
842.975 8.95832
843.643 14.9926
844.31 13.6876
844.978 11.1753
845.645 11.8998
846.313 11.5163
846.981 9.72987
847.649 8.81793
848.318 16.4712
848.986 11.6499
849.654 7.65481
850.323 12.1454
850.992 13.2244
851.661 6.46954
852.33 1.76626
852.999 12.6934
853.668 11.5992
854.338 12.3135
855.007 12.0533
855.677 7.16957
856.347 17.6141
857.017 14.1758
857.687 8.38692
858.357 10.6828
859.028 13.035
859.698 11.0811
860.369 7.69061
861.04 11.7934
861.711 12.4431
862.382 15.9275
863.053 14.1936
863.724 15.5841
864.396 17.5402
865.067 14.1621
865.739 10.8734
866.411 12.0643
867.083 11.1192
867.755 6.60831
868.427 8.9509
869.1 13.3183
869.772 19.3918
870.445 13.9327
871.118 14.6991
871.791 7.76957
872.464 8.39156
873.137 12.4165
873.81 12.5447
874.484 9.37703
875.157 10.3565
875.831 11.1116
876.505 13.0345
877.179 11.3491
877.853 10.5723
878.528 9.62827
879.202 9.58152
879.877 11.5433
880.551 13.6662
881.226 12.3293
881.901 14.8799
882.576 11.771
883.252 13.0336
883.927 16.9297
884.603 16.6401
885.278 16.8898
885.954 11.3747
886.63 13.1669
887.306 17.2883
887.982 12.6779
888.659 15.745
889.335 12.116
890.012 10.1406
890.689 12.5871
891.366 18.9726
892.043 15.6968
892.72 15.6806
893.397 18.7165
894.075 12.1053
894.752 9.6437
895.43 15.8034
896.108 14.9232
896.786 21.5246
897.464 16.4674
898.143 14.2638
898.821 11.6056
899.5 16.3357
900.178 18.8079
900.857 13.3058
901.536 14.9096
902.216 16.2786
902.895 15.0908
903.574 12.0627
904.254 8.92898
904.934 12.1992
905.613 18.5046
906.293 13.2427
906.974 10.7388
907.654 11.2241
908.334 17.6833
909.015 19.8895
909.696 17.8157
910.376 16.256
911.057 22.6957
911.738 17.324
912.42 14.7035
913.101 12.6037
913.783 13.1225
914.464 18.9964
915.146 17.7921
915.828 19.6449
916.51 13.225
917.193 7.81751
917.875 12.418
918.558 9.89256
919.24 8.72626
919.923 8.48487
920.606 7.14713
921.289 12.3113
921.972 11.1293
922.656 10.6519
923.339 7.02724
924.023 7.88163
924.707 11.9687
925.391 16.3311
926.075 14.6903
926.759 12.6352
927.444 13.9265
928.128 11.012
928.813 14.0808
929.498 10.619
930.183 11.816
930.868 9.43
931.553 11.006
932.238 13.172
932.924 16.5176
933.61 13.9086
934.295 17.4236
934.981 11.6577
