180.948 17.6
181.525 17.805
182.103 16.948
182.68 18.255
183.258 18.432
183.835 19.297
184.413 18.09
184.99 14.582
185.568 11.955
186.146 17.086
186.723 21.258
187.301 23.314
187.879 22.186
188.457 20.458
189.035 15.924
189.613 18.393
190.191 18.977
190.769 16.473
191.347 17.196
191.925 20.133
192.503 21.978
193.081 20.062
193.659 17.136
194.237 16.889
194.815 14.027
195.394 16.723
195.972 18.349
196.55 19.923
197.129 19.818
197.707 18.696
198.286 18.36
198.864 24.259
199.443 21.412
200.021 19.15
200.6 24.1737
201.178 13.96
201.757 17.852
202.336 26.0134
202.915 21.6243
203.493 21.5196
204.072 26.7435
204.651 22.6596
205.23 13.6269
205.809 14.301
206.388 21.291
206.967 21.047
207.546 15.241
208.125 15.871
208.704 15.545
209.283 21.261
209.863 18.9978
210.442 21.3379
211.021 26.2828
211.6 24.0387
212.18 14.8722
212.759 15.7283
213.339 13.5792
213.918 15.905
214.498 19.6643
215.077 20.4769
215.657 16.17
216.237 17.266
216.816 14.54
217.396 19.136
217.976 16.182
218.556 14.96
219.135 17.5
219.715 20.687
220.295 16.939
220.875 19.678
221.455 16.719
222.035 16.714
222.615 19.121
223.195 17.421
223.776 18.423
224.356 21.426
224.936 18.578
225.516 21.509
226.097 38.901
226.677 22.543
227.258 19.02
227.838 20.943
228.419 19.432
228.999 18.558
229.58 23.884
230.16 23.126
230.741 14.455
231.322 15.124
231.902 14.028
232.483 11.2207
233.064 19.0288
233.645 15.5805
234.226 18.4989
234.807 24.8354
235.388 22.1517
235.969 20.002
236.55 20.305
237.131 17.288
237.712 19.976
238.294 21.383
238.875 20.417
239.456 18.305
240.038 13.451
240.619 11.923
241.2 15.882
241.782 20.672
242.364 19.71
242.945 18.7048
243.527 20.6395
244.108 19.5989
244.69 20.1937
245.272 18.5975
245.854 18.2146
246.436 23.2559
247.017 19.49
247.599 20.209
248.181 20.975
248.763 20.527
249.345 16.243
249.928 16.916
250.51 25.648
251.092 27.043
251.674 22.995
252.257 20.976
252.839 20.3254
253.421 17.4809
254.004 23.1524
254.586 22.3827
255.169 15.2342
255.751 17.5135
256.334 22.6035
256.917 17.3769
257.499 15.3893
258.082 10.7735
258.665 14.2216
259.248 8.77803
259.831 13.9818
260.414 12.4203
260.997 15.7573
261.58 14.052
262.163 9.43767
262.746 12.0801
263.329 14.8783
263.912 14.3449
264.496 15.9224
265.079 19.3851
265.662 18.2882
266.246 20.719
266.829 14.6226
267.413 12.8614
267.996 15.4029
268.58 18.2663
269.163 16.7964
269.747 16.3522
270.331 20.0992
270.915 17.439
271.499 18.3211
272.082 19.2362
272.666 21.0168
273.25 15.5398
273.835 21.1656
274.419 22.9931
275.003 16.4155
275.587 17.0541
276.171 20.1058
276.755 21.6944
277.34 14.3299
277.924 11.0629
278.509 12.8661
279.093 12.0556
279.678 12.5825
280.262 18.5949
280.847 22.0572
281.432 15.2918
282.016 15.2141
282.601 13.0939
283.186 14.1657
283.771 18.1504
284.356 16.3562
284.941 11.6384
285.526 17.812
286.111 18.4929
286.696 20.0296
287.281 14.8558
287.867 19.822
288.452 22.816
289.037 19.719
289.623 19.8265
290.208 21.0559
290.794 18.8928
291.379 14.3625
291.965 10.2701
292.55 16.669
293.136 16.9277
293.722 20.2841
294.308 18.7639
294.894 13.7969
295.48 14.092
296.066 14.682
296.652 8.32706
297.238 15.015
297.824 10.3493
298.41 16.7083
298.996 16.3252
299.582 14.8714
300.169 20.6264
300.755 15.8872
301.342 17.4229
301.928 11.3568
302.515 13.4498
303.101 7.69256
303.688 16.804
304.275 18.7328
304.861 14.7561
305.448 20.8863
306.035 20.6719
306.622 24.5734
307.209 19.3753
307.796 18.8206
308.383 23.4677
308.97 15.2508
309.558 11.2836
310.145 17.4548
310.732 24.9246
311.32 24.9697
311.907 16.7232
312.494 20.4609
313.082 16.6643
313.67 21.9283
314.257 21.5559
314.845 16.2146
315.433 16.4798
316.02 21.919
316.608 22.849
317.196 19.1157
317.784 21.974
318.372 19.925
318.96 21.0472
319.548 17.8772
320.137 12.0644
320.725 12.0069
321.313 20.6414
321.902 15.8899
322.49 16.1427
323.079 19.8656
323.667 16.1039
324.256 11.573
324.844 16.474
325.433 18.098
326.022 22.633
326.611 21.106
327.199 23.306
327.788 28.5122
328.377 22.5009
328.966 28.9155
329.556 22.5289
330.145 17.6109
330.734 10.7306
331.323 16.1539
331.913 17.5217
332.502 17.356
333.091 19.074
333.681 26.0688
334.27 20.3126
334.86 18.2169
335.45 21.262
336.04 21.531
336.629 16.973
337.219 15.393
337.809 13.513
338.399 14.652
338.989 10.736
339.579 12.228
340.169 18.211
340.76 16.997
341.35 18.257
341.94 16.929
342.531 13.337
343.121 11.643
343.712 11.909
344.302 19.81
344.893 15.911
345.483 17.243
346.074 15.711
346.665 15.869
347.256 28.597
347.847 29.915
348.438 22.779
349.029 16.915
349.62 17.579
350.211 18.634
350.802 25.654
351.394 15.305
351.985 17.228
352.576 23.936
353.168 23.73
353.76 19.372
354.351 20.973
354.943 20.256
355.535 19.585
356.126 17.437
356.718 19.548
357.31 17.755
357.902 19.493
358.494 19.181
359.086 19.219
359.678 16.534
360.271 17.445
360.863 17.278
361.455 16.167
362.048 12.591
362.64 19.701
363.233 21.254
363.825 17.07
364.418 16.795
365.011 17.454
365.603 20.472
366.196 15.752
366.789 16.724
367.382 16.346
367.975 14.083
368.568 21.573
369.161 20.938
369.755 22.06
370.348 25.399
370.941 16.747
371.535 19.459
372.128 19.953
372.722 20.078
373.315 25.89
373.909 18.906
374.503 17.563
375.096 16.327
375.69 18.742
376.284 18.306
376.878 17.014
377.472 19.956
378.066 16.931
378.661 21.375
379.255 24.136
379.849 24.852
380.444 21.463
381.038 22.37
381.633 21.388
382.227 21.3
382.822 21.482
383.417 21.8
384.011 18.402
384.606 21.122
385.201 25.363
385.796 16.376
386.391 18.235
386.986 17.209
387.581 18.429
388.177 17.289
388.772 17.68
389.367 23.281
389.963 21.353
390.558 23.775
391.154 21.862
391.75 23.525
392.345 25.226
392.941 24.049
393.537 19.321
394.133 22.93
394.729 15.481
395.325 11.853
395.921 13.441
396.517 14.199
397.113 13.573
397.71 16.588
398.306 17.256
398.903 20.285
399.499 11.215
400.096 20.253
400.692 21.331
401.289 23.037
401.886 21.168
402.483 21.749
403.08 23.353
403.677 16.955
404.274 20.037
404.871 25.189
405.468 22.456
406.065 21.812
406.663 23.204
407.26 26.48
407.858 25.2793
408.455 21.4239
409.053 24.9526
409.65 27.3577
410.248 26.309
410.846 40.1788
411.444 36.9928
412.042 36.1681
412.64 33.7491
413.238 34.0808
413.836 34.8001
414.435 35.9675
415.033 42.4659
415.631 39.699
416.23 53.1018
416.828 54.1146
417.427 59.1593
418.026 77.093
418.624 69.7322
419.223 60.5903
419.822 61.1769
420.421 69.5388
421.02 101.175
421.619 103.794
422.218 101.446
422.818 100.272
423.417 106.502
424.016 117.314
424.616 116.58
425.215 119.893
425.815 123.127
426.415 123.216
427.014 134.917
427.614 138.183
428.214 139.006
428.814 139.803
429.414 132.735
430.014 134.915
430.614 136.699
431.215 140.097
431.815 140.594
432.415 142.381
433.016 141.309
433.616 138.667
434.217 140.52
434.818 146.567
435.419 160.117
436.019 159.627
436.62 156.762
437.221 156.711
437.822 159.858
438.424 161.044
439.025 158.781
439.626 166.3
440.227 172.613
440.829 172.257
441.43 170.126
442.032 175.562
442.634 183.608
443.235 176.545
443.837 180.235
444.439 184.907
445.041 181.398
445.643 182.123
446.245 195.459
446.847 194.468
447.45 194.559
448.052 195.003
448.654 199.564
449.257 192.936
449.86 200.636
450.462 209.888
451.065 213.734
451.668 215.501
452.271 215.926
452.874 214.587
453.477 217.706
454.08 228.655
454.683 227.538
455.286 220.026
455.889 223.064
456.493 221.48
457.096 231.389
457.7 236.942
458.304 240.636
458.907 239.848
459.511 251.642
460.115 242.945
460.719 262.863
461.323 267.414
461.927 258.508
462.531 259.316
463.135 269.26
463.74 281.3
464.344 281.76
464.949 278.636
465.553 285.319
466.158 286.022
466.763 282.541
467.367 284.958
467.972 293.807
468.577 307.055
469.182 308.093
469.787 305.373
470.393 307.696
470.998 312.987
471.603 313.316
472.209 316.896
472.814 319.918
473.42 316.236
474.025 322.221
474.631 321.942
475.237 327.075
475.843 326.713
476.449 332.355
477.055 325.851
477.661 330.952
478.267 344.713
478.874 346.187
479.48 342.878
480.087 348.098
480.693 351.428
481.3 360.504
481.907 360.083
482.513 360.391
483.12 364.475
483.727 364.399
484.334 370.054
484.941 374.971
485.548 381.461
486.156 384.482
486.763 381.849
487.371 383.592
487.978 384.947
488.586 391.214
489.193 387.554
489.801 396.257
490.409 407.558
491.017 409.625
491.625 412.918
492.233 415.93
492.841 409.27
493.449 419.874
494.058 427.058
494.666 438.014
495.275 431.347
495.883 433.268
496.492 436.573
497.101 445.316
497.71 445.733
498.319 458.855
498.928 454.483
499.537 449.877
500.146 460.156
500.755 463.33
501.364 466.643
501.974 469.901
502.583 472.552
503.193 479.942
503.803 483.981
504.412 472.901
505.022 471.332
505.632 480.961
506.242 485.67
506.852 482.309
507.462 492.63
508.073 492.971
508.683 491.617
509.293 490.422
509.904 485.348
510.515 490.071
511.125 495.915
511.736 494.965
512.347 494.819
512.958 496.744
513.569 496.446
514.18 503.44
514.791 502.812
515.402 505.019
516.014 503.633
516.625 509.985
517.237 522.187
517.848 523.615
518.46 522.384
519.072 519.567
519.684 535.948
520.296 540.021
520.908 540.227
521.52 545.605
522.132 545.656
522.745 543.009
523.357 551.807
523.969 557.672
524.582 555.805
525.195 555.956
525.807 559.169
526.42 564.454
527.033 573.235
527.646 575.682
528.259 576.649
528.872 576.968
529.486 580.121
530.099 587.951
530.713 591.131
531.326 593.241
531.94 594.143
532.553 598.292
533.167 600.67
533.781 608.616
534.395 604.677
535.009 619.276
535.623 621.257
536.238 621.819
536.852 621.667
537.466 619.772
538.081 625.321
538.695 623.087
539.31 625.429
539.925 623.056
540.54 621.883
541.155 632.73
541.77 621.813
542.385 624.99
543 628.957
543.615 626.795
544.231 625.894
544.846 627.298
545.462 636.252
546.078 637.915
546.693 638.103
547.309 645.02
547.925 643.86
548.541 647.91
549.157 646.58
549.773 639.458
550.39 643.719
551.006 652.136
551.623 649.606
552.239 647.487
552.856 648.075
553.473 643.637
554.089 651.115
554.706 648.66
555.323 646.413
555.941 646.211
556.558 651.927
557.175 658.104
557.793 661.548
558.41 665.607
559.028 679.634
559.645 676.765
560.263 669.487
560.881 674.028
561.499 693.528
562.117 707.164
562.735 715.881
563.353 709.754
563.972 712.288
564.59 727.995
565.208 734.113
565.827 738.247
566.446 744.584
567.065 748.324
567.683 757.823
568.302 753.98
568.921 753.476
569.541 767.693
570.16 760.716
570.779 754.209
571.399 757.056
572.018 765.394
572.638 769.739
573.258 759.994
573.877 766.822
574.497 768.665
575.117 763.267
575.737 767.304
576.358 769.761
576.978 766.621
577.598 767.437
578.219 765.214
578.839 739.207
579.46 711.819
580.081 739.882
580.702 759.999
581.323 754.071
581.944 761.121
582.565 754.552
583.186 764.08
583.807 768.79
584.429 769.798
585.05 774.077
585.672 776.744
586.294 777.024
586.915 776.545
587.537 774.598
588.159 762.897
588.781 767.167
589.404 767.06
590.026 763.241
590.648 765.32
591.271 764.715
591.893 770.197
592.516 772.238
593.139 772.336
593.762 763.005
594.385 760.515
595.008 762.346
595.631 758.257
596.254 762.852
596.878 757.904
597.501 765.21
598.125 765.963
598.748 759.277
599.372 766.612
599.996 760.968
600.62 754.633
601.244 759.265
601.868 756.367
602.492 756.57
603.117 753.22
603.741 731.737
604.366 746.544
604.99 747.916
605.615 739.866
606.24 730.375
606.865 724.463
607.49 727.391
608.115 731.349
608.74 731.064
609.365 727.163
609.991 716.109
610.616 738.079
611.242 745.419
611.868 747.502
612.494 758.852
613.119 757.513
613.745 769.136
614.372 770.806
614.998 757.432
615.624 767.638
616.251 771.589
616.877 768.712
617.504 776.288
618.13 780.907
618.757 784.15
619.384 787.067
620.011 789.675
620.638 790.183
621.266 780.253
621.893 776.867
622.52 782.145
623.148 782.93
623.776 782.527
624.403 782.396
625.031 778.486
625.659 775.361
626.287 776.378
626.915 777.331
627.543 775.221
628.172 778.279
628.8 781.174
629.429 782.633
630.057 779.714
630.686 781.472
631.315 783.194
631.944 786.988
632.573 780.048
633.202 779.294
633.832 782.806
634.461 783.665
635.09 776.148
635.72 775.809
636.35 775.032
636.979 774.963
637.609 776.931
638.239 778.295
638.869 778.11
639.5 774.744
640.13 773.497
640.76 781.229
641.391 781.145
642.021 773.861
642.652 776.295
643.283 775.229
643.914 775.88
644.545 777.146
645.176 780.329
645.807 787.955
646.439 784.893
647.07 783.05
647.702 779.23
648.333 778.286
648.965 784.662
649.597 782.031
650.229 781.889
650.861 786.242
651.493 786.59
652.125 788.741
652.758 784.125
653.39 784.157
654.023 785.013
654.656 783.979
655.289 783.694
655.921 781.681
656.554 785.796
657.188 787.787
657.821 784.996
658.454 780.685
659.088 786.92
659.721 785.075
660.355 780.16
660.989 782.854
661.623 782.934
662.257 785.479
662.891 779.853
663.525 779.009
664.159 781.48
664.794 786.669
665.428 782.825
666.063 778.895
666.697 777.377
667.332 777.592
667.967 769.687
668.602 767.565
669.237 762.717
669.873 765.201
670.508 763.439
671.144 770.506
671.779 769.485
672.415 766.722
673.051 751.824
673.687 750.103
674.323 750.324
674.959 746.914
675.595 753.175
676.231 742.694
676.868 710.794
677.504 705.444
678.141 710.384
678.778 705.652
679.415 698.391
680.052 691.647
680.689 699.982
681.326 683.523
681.964 677.659
682.601 675.425
683.239 674.004
683.876 674.395
684.514 671.027
685.152 666.327
685.79 666.786
686.428 666.271
687.066 667.64
687.705 662.405
688.343 650.761
688.982 647.253
689.62 651.966
690.259 648.493
690.898 642.823
691.537 643.917
692.176 643.372
692.815 638.263
693.455 640.437
694.094 636.961
694.734 640.974
695.373 626.268
696.013 626.035
696.653 632.767
697.293 623.834
697.933 624.376
698.573 624.606
699.214 624.736
699.854 629.555
700.495 614.077
701.135 612.119
701.776 609.391
702.417 605.939
703.058 611.675
703.699 609.862
704.34 606.244
704.982 596.046
705.623 597.735
706.265 591.246
706.906 588.229
707.548 593.535
708.19 591.582
708.832 603.303
709.474 584.595
710.117 587.398
710.759 579.801
711.402 575.01
712.044 569.655
712.687 570.124
713.33 564.717
713.973 559.916
714.616 551.746
715.259 555.695
715.902 557.495
716.545 553.948
717.189 556.541
717.833 548.869
718.476 547.196
719.12 538.816
719.764 539.986
720.408 539.477
721.052 540.372
721.697 534.964
722.341 537.262
722.986 544.993
723.63 537.586
724.275 529.795
724.92 530.154
725.565 529.875
726.21 528.666
726.856 531.396
727.501 534.792
728.146 533.449
728.792 527.088
729.438 525.967
730.083 520.477
730.729 529.677
731.375 531.907
732.022 521.538
732.668 507.636
733.314 521.63
733.961 516.14
734.608 509.031
735.254 505.909
735.901 505.885
736.548 513.048
737.195 519.485
737.842 513.415
738.49 506.889
739.137 494.524
739.785 489.611
740.433 492.97
741.08 499.521
741.728 495.883
742.376 498.277
743.025 490.914
743.673 494.424
744.321 482.03
744.97 482.239
745.618 486.247
746.267 478.673
746.916 471.264
747.565 453.991
748.214 468.793
748.863 459.637
749.513 462.944
750.162 458.829
750.812 453.466
751.462 442.291
752.111 443.513
752.761 442.283
753.411 436.672
754.062 443.361
754.712 434.724
755.362 432.424
756.013 430.236
756.664 428.873
757.314 423.121
757.965 420.358
758.616 413.799
759.268 413.626
759.919 410.311
760.57 405.66
761.222 406.552
761.873 397.5
762.525 391.188
763.177 396.42
763.829 393.079
764.481 386.709
765.133 382.435
765.786 381.374
766.438 373.524
767.091 372.574
767.744 370.869
768.396 365.747
769.049 360.511
769.702 356.92
770.356 355.434
771.009 356.015
771.662 356.117
772.316 351.423
772.97 339.559
773.624 332.355
774.278 324.962
774.932 327.477
775.586 327.572
776.24 313.438
776.895 317.013
777.549 317.948
778.204 318.289
778.859 316.485
779.514 313.801
780.169 304.459
780.824 304.761
781.479 311.485
782.135 311.661
782.79 308.832
783.446 298.657
784.102 301.235
784.758 297.972
785.414 297.126
786.07 288.136
786.726 283.169
787.382 290.815
788.039 290.017
788.696 289.129
789.353 286.049
790.009 278.896
790.666 280.594
791.324 279.364
791.981 271.539
792.638 266.047
793.296 264.323
793.954 260.683
794.611 264.338
795.269 266.777
795.927 259.91
796.586 252.274
797.244 261.162
797.902 254.007
798.561 245.93
799.219 234.727
799.878 230.308
800.537 238.63
801.196 236.051
801.855 234.147
802.515 236.308
803.174 229.16
803.834 231.519
804.493 236.252
805.153 228.052
805.813 217.642
806.473 215.867
807.133 217.356
807.794 217.228
808.454 214.304
809.115 205.441
809.776 202.004
810.436 203.788
811.097 198.197
811.758 185.008
812.42 199.026
813.081 202.028
813.742 203.443
814.404 199.202
815.066 203.453
815.728 195.148
816.39 197.95
817.052 194.211
817.714 188.587
818.376 193.221
819.039 190.088
819.701 190.326
820.364 196.53
821.027 194.031
821.69 192.92
822.353 190.134
823.017 190.304
823.68 200.368
824.343 198.426
825.007 188.93
825.671 191.866
826.335 196.543
826.999 195.372
827.663 194.436
828.327 188.123
828.992 193.619
829.656 190.079
830.321 178.959
830.986 180.004
831.651 178.969
832.316 177.709
832.981 178.051
833.647 173.109
834.312 169.158
834.978 173.981
835.643 170.102
836.309 165.581
836.975 164.787
837.641 162.177
838.308 160.861
838.974 158.528
839.641 161.211
840.307 157.967
840.974 154.334
841.641 149.746
842.308 142.874
842.975 145.182
843.643 146.47
844.31 143.695
844.978 139.964
845.645 134.225
846.313 131.108
846.981 136.856
847.649 136.279
848.318 140.163
848.986 132.134
849.654 127.218
850.323 128.669
850.992 124.856
851.661 120.099
852.33 117.404
852.999 116.748
853.668 106.155
854.338 112.881
855.007 106.874
855.677 99.8072
856.347 108.814
857.017 112.934
857.687 111.71
858.357 108.002
859.028 78.2544
859.698 67.8478
860.369 62.0065
861.04 81.88
861.711 77.1847
862.382 72.7031
863.053 70.5788
863.724 63.5596
864.396 53.9802
865.067 49.4022
865.739 43.3156
866.411 47.5628
867.083 49.7945
867.755 37.7867
868.427 33.9551
869.1 36.2403
869.772 43.3659
870.445 36.9367
871.118 43.4914
871.791 29.823
872.464 28.1567
873.137 29.5869
873.81 24.1886
874.484 16.4768
875.157 16.7984
875.831 14.081
876.505 19.6982
877.179 22.7538
877.853 17.1814
878.528 13.7575
879.202 13.1149
879.877 12.4366
880.551 14.9128
881.226 14.3761
881.901 15.6398
882.576 13.3486
883.252 13.4976
883.927 17.2177
884.603 17.2886
885.278 17.0311
885.954 11.398
886.63 13.171
887.306 17.289
887.982 12.678
888.659 15.745
889.335 12.916
890.012 13.715
890.689 15.515
891.366 20.432
892.043 17.179
892.72 16.514
893.397 19.451
894.075 13.718
894.752 13.024
895.43 17.505
896.108 15.328
896.786 21.598
897.464 16.48
898.143 14.266
898.821 12.334
899.5 16.557
900.178 18.85
900.857 14.041
901.536 15.132
902.216 16.321
902.895 15.098
903.574 12.664
904.254 11.71
904.934 13.56
905.613 19.797
906.293 14.859
906.974 11.028
907.654 11.274
908.334 17.692
909.015 19.891
909.696 17.816
910.376 16.696
911.057 23.168
911.738 18.564
912.42 15.41
913.101 12.72
913.783 13.143
914.464 19.44
915.146 18.265
915.828 19.717
916.51 17.654
917.193 14.681
917.875 13.844
918.558 13.778
919.24 9.875
919.923 10.623
920.606 11.23
921.289 13.171
921.972 14.264
922.656 13.876
923.339 8.313
924.023 10.296
924.707 15.856
925.391 17.344
926.075 14.875
926.759 12.667
927.444 13.932
928.128 11.013
928.813 14.081
929.498 10.619
930.183 11.816
930.868 9.43
931.553 11.006
932.238 13.972
932.924 19.932
933.61 15.808
934.295 18.926
934.981 13.364
